tst=0
info=0.0,0.0
nuc=22.164492105
Ehf=-112.304211729
0,0=-34.688742628
0,1=0.001032696
0,2=0.526698657
0,3=-0.340117586
0,6=0.028434632
0,9=0.259346822
1,1=-21.623925178
1,2=0.171170187
1,3=0.261650829
1,6=0.336058671
1,9=-0.102760850
2,2=-9.910027699
2,3=-0.063209397
2,6=0.586483327
2,9=-0.898448082
3,3=-8.537542682
3,6=0.860351359
3,9=-0.051980084
4,4=-8.548426245
4,7=-0.925622477
4,8=-0.028270738
5,5=-8.548426245
5,7=-0.028270738
5,8=0.925622477
6,6=-6.998921581
6,9=0.677420960
7,7=-7.451482432
8,8=-7.451482432
9,9=-8.126196264
0,0,0,0=4.761927083
0,1,0,0=-0.000426473
0,1,0,1=0.000000365
0,1,1,0=0.462012597
0,1,1,1=0.000631916
1,1,1,1=3.522162817
0,2,0,0=-0.407416550
0,2,0,1=0.000032032
1,2,0,1=0.002886998
0,2,0,2=0.057497775
0,2,1,0=0.006250788
0,2,1,1=-0.000057066
1,2,1,1=-0.166557542
0,2,1,2=0.000092450
1,2,1,2=0.013813083
0,2,2,0=1.010666525
0,2,2,1=-0.000050487
1,2,2,1=0.603158687
0,2,2,2=-0.009296974
1,2,2,2=0.005678317
2,2,2,2=0.780558833
0,3,0,0=0.241035520
0,3,0,1=-0.000014118
1,3,0,1=0.008243969
0,3,0,2=-0.029232832
1,3,0,2=0.000245761
2,3,0,2=0.020936033
0,3,0,3=0.030927800
0,3,1,0=0.002307229
0,3,1,1=-0.000065780
1,3,1,1=-0.230556075
0,3,1,2=0.000029474
1,3,1,2=0.017802394
2,3,1,2=-0.000034142
0,3,1,3=0.000069701
1,3,1,3=0.024463192
0,3,2,0=-0.150204620
0,3,2,1=0.000045513
1,3,2,1=0.175389854
0,3,2,2=0.011478555
1,3,2,2=-0.000533358
2,3,2,2=0.024806937
0,3,2,3=0.009277205
1,3,2,3=-0.002693877
2,3,2,3=0.099876980
0,3,3,0=0.919538391
0,3,3,1=-0.000061017
1,3,3,1=0.544039686
0,3,3,2=-0.014449149
1,3,3,2=0.000047309
2,3,3,2=0.626793043
0,3,3,3=-0.007286338
1,3,3,3=-0.003167191
2,3,3,3=-0.074633869
3,3,3,3=0.695519775
0,4,0,4=0.017476327
0,4,1,4=0.000229543
1,4,1,4=0.005020900
0,4,2,4=0.022085719
1,4,2,4=0.005576264
2,4,2,4=0.124502061
0,4,3,4=-0.010447173
1,4,3,4=0.004222772
2,4,3,4=-0.022225374
3,4,3,4=0.051162645
0,4,4,0=0.904225724
0,4,4,1=-0.000055549
1,4,4,1=0.541816175
0,4,4,2=-0.006153901
1,4,4,2=0.002739084
2,4,4,2=0.681064445
0,4,4,3=0.006432711
1,4,4,3=-0.000155976
2,4,4,3=-0.021802876
3,4,4,3=0.607242367
4,4,4,4=0.669109031
0,5,0,5=0.017476327
0,5,1,5=0.000229543
1,5,1,5=0.005020900
0,5,2,5=0.022085719
1,5,2,5=0.005576264
2,5,2,5=0.124502061
0,5,3,5=-0.010447173
1,5,3,5=0.004222772
2,5,3,5=-0.022225374
3,5,3,5=0.051162645
4,5,4,5=0.029602624
0,5,5,0=0.904225724
0,5,5,1=-0.000055549
1,5,5,1=0.541816175
0,5,5,2=-0.006153901
1,5,5,2=0.002739084
2,5,5,2=0.681064445
0,5,5,3=0.006432711
1,5,5,3=-0.000155976
2,5,5,3=-0.021802876
3,5,5,3=0.607242367
4,5,5,4=0.609903782
5,5,5,5=0.669109031
0,6,0,0=-0.004261790
0,6,0,1=-0.000002268
1,6,0,1=-0.005753580
0,6,0,2=-0.002331542
1,6,0,2=-0.000171372
2,6,0,2=-0.009107706
0,6,0,3=-0.008196322
1,6,0,3=-0.000042091
2,6,0,3=-0.009108907
3,6,0,3=0.008865848
4,6,0,4=-0.001836014
5,6,0,5=-0.001836014
0,6,0,6=0.005575351
0,6,1,0=-0.012413697
0,6,1,1=-0.000024040
1,6,1,1=-0.221474316
0,6,1,2=-0.000152458
1,6,1,2=0.013024512
2,6,1,2=-0.018192548
0,6,1,3=-0.000435091
1,6,1,3=0.022167230
2,6,1,3=-0.007286926
3,6,1,3=-0.011459021
4,6,1,4=-0.009520749
5,6,1,5=-0.009520749
0,6,1,6=0.000327729
1,6,1,6=0.031571337
0,6,2,0=-0.087114459
0,6,2,1=0.000005020
1,6,2,1=-0.015568419
0,6,2,2=-0.002527017
1,6,2,2=-0.003921619
2,6,2,2=-0.086199490
0,6,2,3=-0.009734274
1,6,2,3=-0.002730378
2,6,2,3=-0.032621267
3,6,2,3=-0.010111426
4,6,2,4=-0.044676681
5,6,2,5=-0.044676681
0,6,2,6=0.006453881
1,6,2,6=0.003290086
2,6,2,6=0.035110940
0,6,3,0=-0.261011181
0,6,3,1=0.000071703
1,6,3,1=0.143216373
0,6,3,2=0.005647386
1,6,3,2=-0.007538833
2,6,3,2=-0.107390940
0,6,3,3=0.004230508
1,6,3,3=-0.005695248
2,6,3,3=0.064472449
3,6,3,3=-0.138398329
4,6,3,4=-0.092389145
5,6,3,5=-0.092389145
0,6,3,6=-0.004224609
1,6,3,6=0.005611028
2,6,3,6=0.010857328
3,6,3,6=0.118054174
0,6,4,4=0.000588760
1,6,4,4=0.003630009
2,6,4,4=0.005774445
3,6,4,4=-0.003087433
4,6,4,6=0.021221933
0,6,5,5=0.000588760
1,6,5,5=0.003630009
2,6,5,5=0.005774445
3,6,5,5=-0.003087433
5,6,5,6=0.021221933
0,6,6,0=0.489191974
0,6,6,1=0.000078005
1,6,6,1=0.777045760
0,6,6,2=-0.001205277
1,6,6,2=-0.011028235
2,6,6,2=0.463071942
0,6,6,3=0.004288046
1,6,6,3=-0.009167258
2,6,6,3=0.052402730
3,6,6,3=0.452967237
4,6,6,4=0.447853883
5,6,6,5=0.447853883
0,6,6,6=-0.001980100
1,6,6,6=0.005272298
2,6,6,6=-0.009279704
3,6,6,6=0.073077037
6,6,6,6=0.624277573
0,7,0,4=0.013519465
1,7,0,4=0.000182207
2,7,0,4=0.016510592
3,7,0,4=-0.008052710
0,7,0,5=0.000412917
1,7,0,5=0.000005565
2,7,0,5=0.000504273
3,7,0,5=-0.000245949
4,7,0,6=0.000598429
5,7,0,6=0.000018277
0,7,0,7=0.010475466
0,7,1,4=-0.000342629
1,7,1,4=-0.009498787
2,7,1,4=-0.009045205
3,7,1,4=-0.007534664
0,7,1,5=-0.000010465
1,7,1,5=-0.000290116
2,7,1,5=-0.000276262
3,7,1,5=-0.000230127
4,7,1,6=-0.007065913
5,7,1,6=-0.000215810
0,7,1,7=-0.000280589
1,7,1,7=0.018054036
0,7,2,4=0.012507305
1,7,2,4=-0.003735918
2,7,2,4=0.037719619
3,7,2,4=-0.035394579
0,7,2,5=0.000382003
1,7,2,5=-0.000114104
2,7,2,5=0.001152048
3,7,2,5=-0.001081036
4,7,2,6=-0.006163627
5,7,2,6=-0.000188252
0,7,2,7=0.009409096
1,7,2,7=0.006889440
2,7,2,7=0.038771714
0,7,3,4=-0.010288092
1,7,3,4=-0.007423348
2,7,3,4=-0.060986339
3,7,3,4=0.011892967
0,7,3,5=-0.000314223
1,7,3,5=-0.000226727
2,7,3,5=-0.001862670
3,7,3,5=0.000363240
4,7,3,6=-0.025552862
5,7,3,6=-0.000780446
0,7,3,7=-0.007911289
1,7,3,7=0.013387941
2,7,3,7=-0.005592412
3,7,3,7=0.057592684
0,7,4,0=0.337469874
0,7,4,1=-0.000067146
1,7,4,1=-0.190038642
0,7,4,2=-0.006601846
1,7,4,2=0.004568956
2,7,4,2=0.116740848
0,7,4,3=-0.000188601
1,7,4,3=0.003706089
2,7,4,3=-0.084887279
3,7,4,3=0.119999309
4,7,4,4=0.124900493
4,7,4,5=0.000305383
5,7,4,5=0.104903210
0,7,4,6=0.002184224
1,7,4,6=-0.001501124
2,7,4,6=-0.013492112
3,7,4,6=-0.109739173
6,7,4,6=-0.068697139
4,7,4,7=0.163159483
0,7,5,0=0.010307142
0,7,5,1=-0.000002051
1,7,5,1=-0.005804238
0,7,5,2=-0.000201636
1,7,5,2=0.000139547
2,7,5,2=0.003565546
0,7,5,3=-0.000005760
1,7,5,3=0.000113193
2,7,5,3=-0.002592662
3,7,5,3=0.003665068
4,7,5,4=0.003203997
4,7,5,5=0.009998641
5,7,5,5=0.003814762
0,7,5,6=0.000066711
1,7,5,6=-0.000045848
2,7,5,6=-0.000412082
3,7,5,6=-0.003351698
6,7,5,6=-0.002098176
4,7,5,7=0.004493843
5,7,5,7=0.016162184
0,7,6,4=0.000092316
1,7,6,4=-0.008061404
2,7,6,4=-0.018629075
3,7,6,4=-0.028440558
0,7,6,5=0.000002820
1,7,6,5=-0.000246215
2,7,6,5=-0.000568977
3,7,6,5=-0.000868643
4,7,6,6=-0.023650815
5,7,6,6=-0.000722353
0,7,6,7=0.000090767
1,7,6,7=0.015126438
2,7,6,7=0.018104860
3,7,6,7=0.031311433
6,7,6,7=0.058861172
0,7,7,0=0.636310302
0,7,7,1=0.000006482
1,7,7,1=0.751369247
0,7,7,2=-0.003177787
1,7,7,2=-0.004171795
2,7,7,2=0.554710721
0,7,7,3=0.005112565
1,7,7,3=-0.005370827
2,7,7,3=0.039525725
3,7,7,3=0.512119285
4,7,7,4=0.551671326
4,7,7,5=0.001188760
5,7,7,5=0.512786017
0,7,7,6=-0.002004794
1,7,7,6=-0.005762123
2,7,7,6=-0.019366946
3,7,7,6=0.014848112
6,7,7,6=0.536819182
4,7,7,7=-0.025479480
5,7,7,7=-0.000778205
7,7,7,7=0.592008062
0,8,0,4=0.000412917
1,8,0,4=0.000005565
2,8,0,4=0.000504273
3,8,0,4=-0.000245949
0,8,0,5=-0.013519465
1,8,0,5=-0.000182207
2,8,0,5=-0.016510592
3,8,0,5=0.008052710
4,8,0,6=0.000018277
5,8,0,6=-0.000598429
0,8,0,8=0.010475466
0,8,1,4=-0.000010465
1,8,1,4=-0.000290116
2,8,1,4=-0.000276262
3,8,1,4=-0.000230127
0,8,1,5=0.000342629
1,8,1,5=0.009498787
2,8,1,5=0.009045205
3,8,1,5=0.007534664
4,8,1,6=-0.000215810
5,8,1,6=0.007065913
0,8,1,8=-0.000280589
1,8,1,8=0.018054036
0,8,2,4=0.000382003
1,8,2,4=-0.000114104
2,8,2,4=0.001152048
3,8,2,4=-0.001081036
0,8,2,5=-0.012507305
1,8,2,5=0.003735918
2,8,2,5=-0.037719619
3,8,2,5=0.035394579
4,8,2,6=-0.000188252
5,8,2,6=0.006163627
0,8,2,8=0.009409096
1,8,2,8=0.006889440
2,8,2,8=0.038771714
0,8,3,4=-0.000314223
1,8,3,4=-0.000226727
2,8,3,4=-0.001862670
3,8,3,4=0.000363240
0,8,3,5=0.010288092
1,8,3,5=0.007423348
2,8,3,5=0.060986339
3,8,3,5=-0.011892967
4,8,3,6=-0.000780446
5,8,3,6=0.025552862
0,8,3,8=-0.007911289
1,8,3,8=0.013387941
2,8,3,8=-0.005592412
3,8,3,8=0.057592684
0,8,4,0=0.010307142
0,8,4,1=-0.000002051
1,8,4,1=-0.005804238
0,8,4,2=-0.000201636
1,8,4,2=0.000139547
2,8,4,2=0.003565546
0,8,4,3=-0.000005760
1,8,4,3=0.000113193
2,8,4,3=-0.002592662
3,8,4,3=0.003665068
4,8,4,4=0.003814762
4,8,4,5=-0.009998641
5,8,4,5=0.003203997
0,8,4,6=0.000066711
1,8,4,6=-0.000045848
2,8,4,6=-0.000412082
3,8,4,6=-0.003351698
6,8,4,6=-0.002098176
4,8,4,7=0.004493843
5,8,4,7=-0.015887679
7,8,4,7=-0.000499161
4,8,4,8=0.016162184
0,8,5,0=-0.337469874
0,8,5,1=0.000067146
1,8,5,1=0.190038642
0,8,5,2=0.006601846
1,8,5,2=-0.004568956
2,8,5,2=-0.116740848
0,8,5,3=0.000188601
1,8,5,3=-0.003706089
2,8,5,3=0.084887279
3,8,5,3=-0.119999309
4,8,5,4=-0.104903210
4,8,5,5=0.000305383
5,8,5,5=-0.124900493
0,8,5,6=-0.002184224
1,8,5,6=0.001501124
2,8,5,6=0.013492112
3,8,5,6=0.109739173
6,8,5,6=0.068697139
4,8,5,7=-0.131109620
5,8,5,7=-0.004493843
7,8,5,7=0.016343210
4,8,5,8=-0.004493843
5,8,5,8=0.163159483
0,8,6,4=0.000002820
1,8,6,4=-0.000246215
2,8,6,4=-0.000568977
3,8,6,4=-0.000868643
0,8,6,5=-0.000092316
1,8,6,5=0.008061404
2,8,6,5=0.018629075
3,8,6,5=0.028440558
4,8,6,6=-0.000722353
5,8,6,6=0.023650815
0,8,6,8=0.000090767
1,8,6,8=0.015126438
2,8,6,8=0.018104860
3,8,6,8=0.031311433
6,8,6,8=0.058861172
4,8,7,4=0.001188760
4,8,7,5=-0.019442655
5,8,7,5=-0.001188760
4,8,7,7=-0.000139522
5,8,7,7=0.004568135
4,8,7,8=-0.004568135
5,8,7,8=-0.000139522
7,8,7,8=0.025951410
0,8,8,0=0.636310302
0,8,8,1=0.000006482
1,8,8,1=0.751369247
0,8,8,2=-0.003177787
1,8,8,2=-0.004171795
2,8,8,2=0.554710721
0,8,8,3=0.005112565
1,8,8,3=-0.005370827
2,8,8,3=0.039525725
3,8,8,3=0.512119285
4,8,8,4=0.512786017
4,8,8,5=-0.001188760
5,8,8,5=0.551671326
0,8,8,6=-0.002004794
1,8,8,6=-0.005762123
2,8,8,6=-0.019366946
3,8,8,6=0.014848112
6,8,8,6=0.536819182
4,8,8,7=-0.016343210
5,8,8,7=-0.000499161
7,8,8,7=0.540105242
4,8,8,8=-0.000778205
5,8,8,8=0.025479480
8,8,8,8=0.592008062
0,9,0,0=-0.243120123
0,9,0,1=0.000021903
1,9,0,1=0.009790246
0,9,0,2=0.039241580
1,9,0,2=0.000224305
2,9,0,2=0.006480308
0,9,0,3=-0.006273887
1,9,0,3=0.000032575
2,9,0,3=0.018796606
3,9,0,3=-0.020720736
4,9,0,4=-0.000678999
5,9,0,5=-0.000678999
0,9,0,6=-0.009593790
1,9,0,6=-0.000476362
2,9,0,6=-0.010070867
3,9,0,6=0.009291965
6,9,0,6=0.002215395
4,9,0,7=-0.006338037
5,9,0,7=-0.000193579
7,9,0,7=0.001185295
4,9,0,8=-0.000193579
5,9,0,8=0.006338037
8,9,0,8=0.001185295
0,9,0,9=0.038571111
0,9,1,0=-0.013416200
0,9,1,1=0.000101984
1,9,1,1=0.171092845
0,9,1,2=-0.000181991
1,9,1,2=-0.018721260
2,9,1,2=-0.016847324
0,9,1,3=-0.000468311
1,9,1,3=-0.020554008
2,9,1,3=-0.003405627
3,9,1,3=-0.005365318
4,9,1,4=-0.008699339
5,9,1,5=-0.008699339
0,9,1,6=0.000350075
1,9,1,6=-0.004391252
2,9,1,6=0.007318790
3,9,1,6=0.014812636
6,9,1,6=0.022589774
4,9,1,7=-0.005808821
5,9,1,7=-0.000177415
7,9,1,7=0.001924633
4,9,1,8=-0.000177415
5,9,1,8=0.005808821
8,9,1,8=0.001924633
0,9,1,9=-0.000459520
1,9,1,9=0.035431698
0,9,2,0=0.311749969
0,9,2,1=-0.000029029
1,9,2,1=-0.123089467
0,9,2,2=-0.006329412
1,9,2,2=0.002781022
2,9,2,2=0.114269258
0,9,2,3=0.016113821
1,9,2,3=0.003804708
2,9,2,3=-0.023792480
3,9,2,3=0.049072289
4,9,2,4=0.088170048
5,9,2,5=0.088170048
0,9,2,6=-0.007292892
1,9,2,6=0.004976496
2,9,2,6=-0.033216564
3,9,2,6=-0.047249278
6,9,2,6=-0.009568164
4,9,2,7=0.088504652
5,9,2,7=0.002703145
7,9,2,7=0.005898631
4,9,2,8=0.002703145
5,9,2,8=-0.088504652
8,9,2,8=0.005898631
0,9,2,9=0.006521622
1,9,2,9=0.000725066
2,9,2,9=0.103215590
0,9,3,0=0.118266662
0,9,3,1=-0.000015114
1,9,3,1=-0.140572988
0,9,3,2=-0.002295882
1,9,3,2=0.000552156
2,9,3,2=0.001609699
0,9,3,3=-0.004471935
1,9,3,3=0.003125761
2,9,3,3=-0.056216295
3,9,3,3=0.059174208
4,9,3,4=0.012285066
5,9,3,5=0.012285066
0,9,3,6=0.003328138
1,9,3,6=0.009388791
2,9,3,6=0.008016576
3,9,3,6=-0.047897535
6,9,3,6=-0.007538423
4,9,3,7=0.058016643
5,9,3,7=0.001771968
7,9,3,7=-0.031064742
4,9,3,8=0.001771968
5,9,3,8=-0.058016643
8,9,3,8=-0.031064742
0,9,3,9=-0.005700704
1,9,3,9=0.006153212
2,9,3,9=0.038972042
3,9,3,9=0.060950299
0,9,4,4=0.009255034
1,9,4,4=-0.003280647
2,9,4,4=0.022012711
3,9,4,4=-0.014168762
4,9,4,6=-0.010337431
0,9,4,7=0.006845624
1,9,4,7=0.005904484
2,9,4,7=0.028912805
3,9,4,7=0.007973927
6,9,4,7=0.005729424
0,9,4,8=0.000209082
1,9,4,8=0.000180337
2,9,4,8=0.000883067
3,9,4,8=0.000243543
6,9,4,8=0.000174990
4,9,4,9=0.033096993
0,9,5,5=0.009255034
1,9,5,5=-0.003280647
2,9,5,5=0.022012711
3,9,5,5=-0.014168762
5,9,5,6=-0.010337431
0,9,5,7=0.000209082
1,9,5,7=0.000180337
2,9,5,7=0.000883067
3,9,5,7=0.000243543
6,9,5,7=0.000174990
0,9,5,8=-0.006845624
1,9,5,8=-0.005904484
2,9,5,8=-0.028912805
3,9,5,8=-0.007973927
6,9,5,8=-0.005729424
5,9,5,9=0.033096993
0,9,6,0=-0.214610923
0,9,6,1=0.000055728
1,9,6,1=0.100506722
0,9,6,2=0.003162433
1,9,6,2=-0.004610491
2,9,6,2=-0.093476466
0,9,6,3=-0.003671402
1,9,6,3=-0.002065317
2,9,6,3=0.028120748
3,9,6,3=-0.078887777
4,9,6,4=-0.073884186
5,9,6,5=-0.073884186
0,9,6,6=0.001236935
1,9,6,6=0.008095316
2,9,6,6=0.016463303
3,9,6,6=0.078795323
6,9,6,6=0.075241199
4,9,6,7=-0.071531428
5,9,6,7=-0.002184742
7,9,6,7=0.000412536
4,9,6,8=-0.002184742
5,9,6,8=0.071531428
8,9,6,8=0.000412536
0,9,6,9=0.000289264
1,9,6,9=0.012204291
2,9,6,9=-0.049553985
3,9,6,9=-0.020710783
6,9,6,9=0.082819767
0,9,7,4=0.008143941
1,9,7,4=0.006206599
2,9,7,4=0.054419109
3,9,7,4=0.011421377
0,9,7,5=0.000248736
1,9,7,5=0.000189564
2,9,7,5=0.001662091
3,9,7,5=0.000348836
4,9,7,6=0.001452308
5,9,7,6=0.000044357
0,9,7,7=0.006090910
1,9,7,7=-0.010573564
2,9,7,7=-0.000529079
3,9,7,7=-0.030482076
6,9,7,7=-0.018108755
4,9,7,9=-0.002184112
5,9,7,9=-0.000066708
7,9,7,9=0.044693913
0,9,8,4=0.000248736
1,9,8,4=0.000189564
2,9,8,4=0.001662091
3,9,8,4=0.000348836
0,9,8,5=-0.008143941
1,9,8,5=-0.006206599
2,9,8,5=-0.054419109
3,9,8,5=-0.011421377
4,9,8,6=0.000044357
5,9,8,6=-0.001452308
0,9,8,8=0.006090910
1,9,8,8=-0.010573564
2,9,8,8=-0.000529079
3,9,8,8=-0.030482076
6,9,8,8=-0.018108755
4,9,8,9=-0.000066708
5,9,8,9=0.002184112
8,9,8,9=0.044693913
0,9,9,0=0.879711352
0,9,9,1=-0.000007557
1,9,9,1=0.829953269
0,9,9,2=-0.006665971
1,9,9,2=-0.001635455
2,9,9,2=0.693173264
0,9,9,3=0.020825498
1,9,9,3=-0.007025691
2,9,9,3=0.065022220
3,9,9,3=0.577259600
4,9,9,4=0.609222064
5,9,9,5=0.609222064
0,9,9,6=-0.009935072
1,9,9,6=-0.019103319
2,9,9,6=-0.066988319
3,9,9,6=-0.032135417
6,9,9,6=0.551987211
4,9,9,7=0.021595371
5,9,9,7=0.000659575
7,9,9,7=0.588407966
4,9,9,8=0.000659575
5,9,9,8=-0.021595371
8,9,9,8=0.588407966
0,9,9,9=0.009698668
1,9,9,9=-0.007525961
2,9,9,9=0.055030033
3,9,9,9=-0.022300949
6,9,9,9=-0.030860756
9,9,9,9=0.712912470
orbs=10
consts=65
