tst=0
info=1.163
nuc=58.241348127
Ehf=-185.065445395
0,0=-36.148417382
0,4=0.529090454
0,8=0.324073414
0,14=0.247710297
1,1=-36.148818211
1,2=0.000778276
1,3=-0.485625688
1,5=0.401692338
1,13=0.194819341
2,2=-25.026774026
2,3=-0.286759914
2,5=-0.257975100
2,13=-0.312359484
3,3=-11.849804026
3,5=-0.307977947
3,13=0.996373717
4,4=-11.932820018
4,8=0.668821153
4,14=-0.571339890
5,5=-10.526827388
5,13=0.075371531
6,6=-10.569521093
6,11=0.249037123
6,12=-0.190918559
7,7=-10.569521093
7,11=-0.190918559
7,12=-0.249037123
8,8=-10.762618776
8,14=-0.160633704
9,9=-10.802008749
10,10=-10.802008749
11,11=-10.419676767
12,12=-10.419676767
13,13=-10.760270143
14,14=-11.028696357
0,0,0,0=2.485802128
0,1,0,1=2.258534770
0,1,1,0=2.486104200
1,1,1,1=2.486406416
0,2,0,1=-0.000460388
0,2,0,2=0.000001181
0,2,1,0=-0.000340535
1,2,1,1=-0.000340641
1,2,1,2=0.000000390
0,2,2,0=0.455124888
1,2,2,1=0.455100801
1,2,2,2=0.000825288
2,2,2,2=3.507897632
0,3,0,1=0.187983179
0,3,0,2=-0.000038934
0,3,0,3=0.024092023
0,3,1,0=0.187306935
1,3,1,1=0.187354056
1,3,1,2=-0.000040234
2,3,1,2=-0.002771590
1,3,1,3=0.024109306
0,3,2,0=-0.000289007
1,3,2,1=-0.000289206
1,3,2,2=0.000076469
2,3,2,2=0.226455775
1,3,2,3=0.000011977
2,3,2,3=0.022491018
0,3,3,0=0.606684620
1,3,3,1=0.606670357
1,3,3,2=0.000038831
2,3,3,2=0.628084062
1,3,3,3=0.002715445
2,3,3,3=0.004124419
3,3,3,3=0.535246673
0,4,0,0=-0.202667793
1,4,0,1=-0.202717300
1,4,0,2=0.000042391
2,4,0,2=0.001979025
1,4,0,3=-0.025935166
2,4,0,3=-0.000016709
3,4,0,3=-0.003582793
0,4,0,4=0.027928333
0,4,1,1=-0.203325907
0,4,1,2=0.000041032
0,4,1,3=-0.025931701
1,4,1,4=0.027940294
0,4,2,1=0.009293255
0,4,2,2=-0.000064833
0,4,2,3=-0.000094155
1,4,2,4=0.000112640
2,4,2,4=0.004189211
0,4,3,1=-0.358828994
0,4,3,2=0.000139943
0,4,3,3=-0.004180155
1,4,3,4=0.004705483
2,4,3,4=-0.011962879
3,4,3,4=0.230244701
0,4,4,0=0.637841920
1,4,4,1=0.637829328
1,4,4,2=0.000028348
2,4,4,2=0.580017291
1,4,4,3=0.003643866
2,4,4,3=0.001393094
3,4,4,3=0.538897170
0,4,4,4=-0.004577342
4,4,4,4=0.547698374
0,5,0,1=-0.136794493
0,5,0,2=0.000016002
0,5,0,3=-0.015323225
1,5,0,4=0.016959366
2,5,0,4=-0.000321339
3,5,0,4=0.009087366
0,5,0,5=0.017615434
0,5,1,0=-0.138819142
1,5,1,1=-0.138829520
1,5,1,2=0.000012019
2,5,1,2=-0.007912870
1,5,1,3=-0.015310554
2,5,1,3=0.000034431
3,5,1,3=-0.011606818
0,5,1,4=0.016945598
4,5,1,4=-0.012019986
1,5,1,5=0.017664204
0,5,2,0=0.000000357
1,5,2,2=0.000072635
2,5,2,2=0.210932349
1,5,2,3=-0.000002240
2,5,2,3=0.021192495
3,5,2,3=0.004004308
0,5,2,4=-0.000004503
4,5,2,4=0.001575459
1,5,2,5=-0.000017368
2,5,2,5=0.019990240
0,5,3,0=-0.065333585
1,5,3,1=-0.065354752
1,5,3,2=0.000057514
2,5,3,2=0.185846614
1,5,3,3=-0.005559064
2,5,3,3=0.004065116
3,5,3,3=0.042775436
0,5,3,4=0.005506075
4,5,3,4=0.031191465
1,5,3,5=-0.003808913
2,5,3,5=0.003719524
3,5,3,5=0.061576303
0,5,4,1=0.133125858
0,5,4,2=-0.000003310
0,5,4,3=0.005918819
1,5,4,4=-0.006052276
2,5,4,4=-0.002926511
3,5,4,4=-0.032011311
0,5,4,5=0.003380668
4,5,4,5=0.055460627
0,5,5,0=0.602344615
1,5,5,1=0.602371606
1,5,5,2=-0.000026463
2,5,5,2=0.501741767
1,5,5,3=0.007568476
2,5,5,3=0.003829067
3,5,5,3=0.452452505
0,5,5,4=-0.007786857
4,5,5,4=0.461986101
1,5,5,5=0.002351612
2,5,5,5=0.003319667
3,5,5,5=-0.024893576
5,5,5,5=0.502268467
0,6,0,6=0.006141854
1,6,1,6=0.006152411
1,6,2,6=0.000223224
2,6,2,6=0.007688288
1,6,3,6=-0.008639494
2,6,3,6=-0.008800310
3,6,3,6=0.073204594
0,6,4,6=0.008515313
4,6,4,6=0.052857663
1,6,5,6=0.004139076
2,6,5,6=-0.005826822
3,6,5,6=0.004895291
5,6,5,6=0.030534842
0,6,6,0=0.540187982
1,6,6,1=0.540179751
1,6,6,2=0.000014651
2,6,6,2=0.598133267
1,6,6,3=0.001256410
2,6,6,3=0.002949101
3,6,6,3=0.493796580
0,6,6,4=-0.001681111
4,6,6,4=0.492343310
1,6,6,5=-0.005319279
2,6,6,5=0.002537486
3,6,6,5=0.033641509
5,6,6,5=0.438657158
6,6,6,6=0.490568199
0,7,0,7=0.006141854
1,7,1,7=0.006152411
1,7,2,7=0.000223224
2,7,2,7=0.007688288
1,7,3,7=-0.008639494
2,7,3,7=-0.008800310
3,7,3,7=0.073204594
0,7,4,7=0.008515313
4,7,4,7=0.052857663
1,7,5,7=0.004139076
2,7,5,7=-0.005826822
3,7,5,7=0.004895291
5,7,5,7=0.030534842
6,7,6,7=0.016593799
0,7,7,0=0.540187982
1,7,7,1=0.540179751
1,7,7,2=0.000014651
2,7,7,2=0.598133267
1,7,7,3=0.001256410
2,7,7,3=0.002949101
3,7,7,3=0.493796580
0,7,7,4=-0.001681111
4,7,7,4=0.492343310
1,7,7,5=-0.005319279
2,7,7,5=0.002537486
3,7,7,5=0.033641509
5,7,7,5=0.438657158
6,7,7,6=0.457380601
7,7,7,7=0.490568199
0,8,0,0=-0.106379811
1,8,0,1=-0.106379030
1,8,0,2=0.000003022
2,8,0,2=-0.009149721
1,8,0,3=-0.010811137
2,8,0,3=0.000045077
3,8,0,3=-0.012151832
0,8,0,4=0.012162130
4,8,0,4=-0.012358971
1,8,0,5=0.015762616
2,8,0,5=-0.000016135
3,8,0,5=-0.005651182
5,8,0,5=0.004638178
6,8,0,6=-0.005540904
7,8,0,7=-0.005540904
0,8,0,8=0.014816580
0,8,1,1=-0.104059590
0,8,1,2=0.000008084
0,8,1,3=-0.010820005
1,8,1,4=0.012169110
2,8,1,4=-0.000420408
3,8,1,4=0.009292195
0,8,1,5=0.015720811
4,8,1,5=0.005416712
1,8,1,8=0.014787983
0,8,2,1=-0.009576576
0,8,2,2=0.000073883
0,8,2,3=0.000086220
1,8,2,4=-0.000108296
2,8,2,4=-0.004701445
3,8,2,4=0.012314715
0,8,2,5=0.000294608
4,8,2,5=0.003039133
1,8,2,8=0.000391087
2,8,2,8=0.005290992
0,8,3,1=-0.045493520
0,8,3,2=-0.000026355
0,8,3,3=-0.004765959
1,8,3,4=0.004771295
2,8,3,4=0.005352206
3,8,3,4=-0.020075544
0,8,3,5=-0.005407983
4,8,3,5=-0.046016826
1,8,3,8=-0.007430480
2,8,3,8=-0.005536114
3,8,3,8=0.048656962
0,8,4,0=0.029025122
1,8,4,1=0.029052651
1,8,4,2=-0.000061734
2,8,4,2=-0.172328172
1,8,4,3=0.005781439
2,8,4,3=-0.001647895
3,8,4,3=-0.065901555
0,8,4,4=-0.005549864
4,8,4,4=-0.058585460
1,8,4,5=0.006755229
2,8,4,5=-0.001658866
3,8,4,5=-0.063989395
5,8,4,5=0.020185841
6,8,4,6=-0.044893275
7,8,4,7=-0.044893275
0,8,4,8=0.008972806
4,8,4,8=0.074648456
0,8,5,1=0.377330654
0,8,5,2=-0.000149277
0,8,5,3=0.008061883
1,8,5,4=-0.008038508
2,8,5,4=0.008076862
3,8,5,4=-0.192658648
0,8,5,5=0.004438780
4,8,5,5=0.089605935
1,8,5,8=0.006991305
2,8,5,8=-0.008632929
3,8,5,8=-0.042767489
5,8,5,8=0.274599323
0,8,6,6=0.003251993
4,8,6,6=0.004315666
6,8,6,8=0.019848616
0,8,7,7=0.003251993
4,8,7,7=0.004315666
7,8,7,8=0.019848616
0,8,8,0=0.630120187
1,8,8,1=0.630144821
1,8,8,2=-0.000024136
2,8,8,2=0.490380309
1,8,8,3=0.007029969
2,8,8,3=0.001753258
3,8,8,3=0.468892940
0,8,8,4=-0.007292762
4,8,8,4=0.482903264
1,8,8,5=0.001599528
2,8,8,5=0.001527516
3,8,8,5=-0.025913154
5,8,8,5=0.515015992
6,8,8,6=0.444837991
7,8,8,7=0.444837991
0,8,8,8=0.003684707
4,8,8,8=0.014896963
8,8,8,8=0.534825663
1,9,0,6=-0.007696500
2,9,0,6=-0.000290026
3,9,0,6=0.010634189
5,9,0,6=-0.005153856
1,9,0,7=0.004631456
2,9,0,7=0.000174527
3,9,0,7=-0.006399244
5,9,0,7=0.003101391
0,9,0,9=0.013117595
0,9,1,6=-0.007669076
4,9,1,6=-0.010407293
0,9,1,7=0.004614954
4,9,1,7=0.006262707
6,9,1,8=-0.004079049
7,9,1,8=0.002454614
1,9,1,9=0.013047015
0,9,2,6=-0.000027659
4,9,2,6=-0.000461694
0,9,2,7=0.000016644
4,9,2,7=0.000277830
6,9,2,8=0.000202610
7,9,2,8=-0.000121923
1,9,2,9=0.000045590
2,9,2,9=0.000014464
0,9,3,6=0.008721290
4,9,3,6=0.046902535
0,9,3,7=-0.005248135
4,9,3,7=-0.028224132
6,9,3,8=0.008781089
7,9,3,8=-0.005284120
1,9,3,9=-0.014537910
2,9,3,9=-0.000416002
3,9,3,9=0.059883669
1,9,4,6=-0.009647927
2,9,4,6=-0.003193718
3,9,4,6=0.056611762
5,9,4,6=-0.012090866
1,9,4,7=0.005805749
2,9,4,7=0.001921856
3,9,4,7=-0.034066770
5,9,4,7=0.007275816
0,9,4,9=0.016173128
4,9,4,9=0.073460858
0,9,5,6=-0.005993862
4,9,5,6=-0.022154234
0,9,5,7=0.003606874
4,9,5,7=0.013331561
6,9,5,8=-0.020323649
7,9,5,8=0.012229986
1,9,5,9=0.010139326
2,9,5,9=0.000001833
3,9,5,9=-0.032315324
5,9,5,9=0.037385925
0,9,6,1=-0.285516706
0,9,6,2=0.000084626
0,9,6,3=-0.003201473
1,9,6,4=0.003417948
2,9,6,4=-0.005649170
3,9,6,4=0.162222125
0,9,6,5=0.002086130
4,9,6,5=-0.050210586
1,9,6,8=0.001582212
2,9,6,8=0.005759521
3,9,6,8=0.012811050
5,9,6,8=-0.163253149
6,9,6,9=0.146395524
0,9,7,1=0.171812914
0,9,7,2=-0.000050925
0,9,7,3=0.001926522
1,9,7,4=-0.002056789
2,9,7,4=0.003399452
3,9,7,4=-0.097619002
0,9,7,5=-0.001255352
4,9,7,5=0.030214789
1,9,7,8=-0.000952114
2,9,7,8=-0.003465857
3,9,7,8=-0.007709194
5,9,7,8=0.098239433
6,9,7,9=-0.079691391
7,9,7,9=0.061920493
1,9,8,6=-0.004599863
2,9,8,6=0.000581769
3,9,8,6=0.012958752
5,9,8,6=-0.021455754
1,9,8,7=0.002768020
2,9,8,7=-0.000350086
3,9,8,7=-0.007798076
5,9,8,7=0.012911243
0,9,8,9=0.007862507
4,9,8,9=0.025634005
8,9,8,9=0.032450478
0,9,9,0=0.670991054
1,9,9,1=0.670990633
1,9,9,2=-0.000024283
2,9,9,2=0.425893925
1,9,9,3=0.004993989
2,9,9,3=-0.000124283
3,9,9,3=0.490210047
0,9,9,4=-0.005495477
4,9,9,4=0.505964130
1,9,9,5=-0.004783729
2,9,9,5=0.000102891
3,9,9,5=-0.025828080
5,9,9,5=0.475076916
6,9,9,6=0.469986543
6,9,9,7=-0.013511331
7,9,9,7=0.455664167
0,9,9,8=-0.004002659
4,9,9,8=0.005599164
8,9,9,8=0.490090558
9,9,9,9=0.552066397
1,10,0,6=0.004631456
2,10,0,6=0.000174527
3,10,0,6=-0.006399244
5,10,0,6=0.003101391
1,10,0,7=0.007696500
2,10,0,7=0.000290026
3,10,0,7=-0.010634189
5,10,0,7=0.005153856
0,10,0,10=0.013117595
0,10,1,6=0.004614954
4,10,1,6=0.006262707
0,10,1,7=0.007669076
4,10,1,7=0.010407293
6,10,1,8=0.002454614
7,10,1,8=0.004079049
1,10,1,10=0.013047015
0,10,2,6=0.000016644
4,10,2,6=0.000277830
0,10,2,7=0.000027659
4,10,2,7=0.000461694
6,10,2,8=-0.000121923
7,10,2,8=-0.000202610
1,10,2,10=0.000045590
2,10,2,10=0.000014464
0,10,3,6=-0.005248135
4,10,3,6=-0.028224132
0,10,3,7=-0.008721290
4,10,3,7=-0.046902535
6,10,3,8=-0.005284120
7,10,3,8=-0.008781089
1,10,3,10=-0.014537910
2,10,3,10=-0.000416002
3,10,3,10=0.059883669
1,10,4,6=0.005805749
2,10,4,6=0.001921856
3,10,4,6=-0.034066770
5,10,4,6=0.007275816
1,10,4,7=0.009647927
2,10,4,7=0.003193718
3,10,4,7=-0.056611762
5,10,4,7=0.012090866
0,10,4,10=0.016173128
4,10,4,10=0.073460858
0,10,5,6=0.003606874
4,10,5,6=0.013331561
0,10,5,7=0.005993862
4,10,5,7=0.022154234
6,10,5,8=0.012229986
7,10,5,8=0.020323649
1,10,5,10=0.010139326
2,10,5,10=0.000001833
3,10,5,10=-0.032315324
5,10,5,10=0.037385925
0,10,6,1=0.171812914
0,10,6,2=-0.000050925
0,10,6,3=0.001926522
1,10,6,4=-0.002056789
2,10,6,4=0.003399452
3,10,6,4=-0.097619002
0,10,6,5=-0.001255352
4,10,6,5=0.030214789
1,10,6,8=-0.000952114
2,10,6,8=-0.003465857
3,10,6,8=-0.007709194
5,10,6,8=0.098239433
6,10,6,9=-0.079691391
7,10,6,9=0.033989903
6,10,6,10=0.061920493
0,10,7,1=0.285516706
0,10,7,2=-0.000084626
0,10,7,3=0.003201473
1,10,7,4=-0.003417948
2,10,7,4=0.005649170
3,10,7,4=-0.162222125
0,10,7,5=-0.002086130
4,10,7,5=0.050210586
1,10,7,8=-0.001582212
2,10,7,8=-0.005759521
3,10,7,8=-0.012811050
5,10,7,8=0.163253149
6,10,7,9=-0.118464934
7,10,7,9=0.079691391
6,10,7,10=0.079691391
7,10,7,10=0.146395524
1,10,8,6=0.002768020
2,10,8,6=-0.000350086
3,10,8,6=-0.007798076
5,10,8,6=0.012911243
1,10,8,7=0.004599863
2,10,8,7=-0.000581769
3,10,8,7=-0.012958752
5,10,8,7=0.021455754
0,10,8,10=0.007862507
4,10,8,10=0.025634005
8,10,8,10=0.032450478
6,10,9,6=-0.013511331
6,10,9,7=-0.007161188
7,10,9,7=0.013511331
9,10,9,10=0.023971792
0,10,10,0=0.670991054
1,10,10,1=0.670990633
1,10,10,2=-0.000024283
2,10,10,2=0.425893925
1,10,10,3=0.004993989
2,10,10,3=-0.000124283
3,10,10,3=0.490210047
0,10,10,4=-0.005495477
4,10,10,4=0.505964130
1,10,10,5=-0.004783729
2,10,10,5=0.000102891
3,10,10,5=-0.025828080
5,10,10,5=0.475076916
6,10,10,6=0.455664167
6,10,10,7=0.013511331
7,10,10,7=0.469986543
0,10,10,8=-0.004002659
4,10,10,8=0.005599164
8,10,10,8=0.490090558
9,10,10,9=0.504122814
10,10,10,10=0.552066397
0,11,0,6=-0.005556171
4,11,0,6=-0.007329010
0,11,0,7=0.004259510
4,11,0,7=0.005618617
6,11,0,8=-0.002986672
7,11,0,8=0.002289663
1,11,0,9=0.010144112
2,11,0,9=0.000033539
3,11,0,9=-0.011013358
5,11,0,9=0.007841735
1,11,0,10=0.001144450
2,11,0,10=0.000003784
3,11,0,10=-0.001242517
5,11,0,10=0.000884698
0,11,0,11=0.007990705
1,11,1,6=-0.005566037
2,11,1,6=-0.000220954
3,11,1,6=0.007487976
5,11,1,6=-0.003694404
1,11,1,7=0.004267073
2,11,1,7=0.000169389
3,11,1,7=-0.005740484
5,11,1,7=0.002832230
0,11,1,9=0.010180841
4,11,1,9=0.012217598
8,11,1,9=0.006111060
0,11,1,10=0.001148594
4,11,1,10=0.001378379
8,11,1,10=0.000689444
1,11,1,11=0.008006115
1,11,2,6=0.000205438
2,11,2,6=0.008750559
3,11,2,6=-0.009141732
5,11,2,6=-0.006321189
1,11,2,7=-0.000157494
2,11,2,7=-0.006708414
3,11,2,7=0.007008298
5,11,2,7=0.004845994
0,11,2,9=-0.000397313
4,11,2,9=-0.004504045
8,11,2,9=0.000874444
0,11,2,10=-0.000044824
4,11,2,10=-0.000508142
8,11,2,10=0.000098654
1,11,2,11=-0.000336649
2,11,2,11=0.015845580
1,11,3,6=0.004742887
2,11,3,6=-0.005075981
3,11,3,6=-0.003201574
5,11,3,6=0.022652682
1,11,3,7=-0.003636025
2,11,3,7=0.003891384
3,11,3,7=0.002454413
5,11,3,7=-0.017366155
0,11,3,9=-0.008522925
4,11,3,9=-0.025369736
8,11,3,9=-0.018730995
0,11,3,10=-0.000961549
4,11,3,10=-0.002862191
8,11,3,10=-0.002113215
1,11,3,11=-0.006513953
2,11,3,11=-0.008946527
3,11,3,11=0.034974737
0,11,4,6=-0.005536764
4,11,4,6=-0.020081178
0,11,4,7=0.004244632
4,11,4,7=0.015394771
6,11,4,8=-0.012081660
7,11,4,8=0.009262125
1,11,4,9=0.009940025
2,11,4,9=-0.000038542
3,11,4,9=-0.032719952
5,11,4,9=0.025216718
1,11,4,10=0.001121425
2,11,4,10=-0.000004348
3,11,4,10=-0.003691436
5,11,4,10=0.002844928
0,11,4,11=0.007679469
4,11,4,11=0.026407394
1,11,5,6=-0.005152425
2,11,5,6=-0.006460746
3,11,5,6=0.040270063
5,11,5,6=-0.001661085
1,11,5,7=0.003949988
2,11,5,7=0.004952982
3,11,5,7=-0.030872114
5,11,5,7=0.001273432
0,11,5,9=0.009403846
4,11,5,9=0.043803200
8,11,5,9=0.024013074
0,11,5,10=0.001060934
4,11,5,10=0.004941839
8,11,5,10=0.002709134
1,11,5,11=0.007349633
2,11,5,11=-0.011038477
3,11,5,11=0.000699012
5,11,5,11=0.048040787
0,11,6,0=-0.110613994
1,11,6,1=-0.110620018
1,11,6,2=0.000033832
2,11,6,2=0.174508281
1,11,6,3=-0.002992922
2,11,6,3=0.003405309
3,11,6,3=0.004993816
0,11,6,4=0.003051188
4,11,6,4=-0.011181583
1,11,6,5=-0.000383647
2,11,6,5=0.002701191
3,11,6,5=0.053827026
5,11,6,5=-0.028051980
6,11,6,6=0.014567058
6,11,6,7=-0.000957295
7,11,6,7=0.012069638
0,11,6,8=-0.001181671
4,11,6,8=-0.044630115
8,11,6,8=-0.036752838
9,11,6,9=-0.066121160
9,11,6,10=0.004177013
10,11,6,10=-0.047875275
6,11,6,11=0.079102986
0,11,7,0=0.084799664
1,11,7,1=0.084804282
1,11,7,2=-0.000025936
2,11,7,2=-0.133782744
1,11,7,3=0.002294455
2,11,7,3=-0.002610602
3,11,7,3=-0.003828394
0,11,7,4=-0.002339123
4,11,7,4=0.008572102
1,11,7,5=0.000294114
2,11,7,5=-0.002070806
3,11,7,5=-0.041265247
5,11,7,5=0.021505403
6,11,7,6=-0.009252909
6,11,7,7=0.001248710
7,11,7,7=-0.011167499
0,11,7,8=0.000905901
4,11,7,8=0.034214647
8,11,7,8=0.028175714
9,11,7,9=0.047873380
9,11,7,10=0.009122942
10,11,7,10=0.039519354
6,11,7,11=-0.050110579
7,11,7,11=0.052154090
0,11,8,6=-0.003846720
4,11,8,6=-0.019706988
0,11,8,7=0.002948999
4,11,8,7=0.015107907
6,11,8,8=-0.009942884
7,11,8,8=0.007622483
1,11,8,9=0.006993801
2,11,8,9=0.000230993
3,11,8,9=-0.025871822
5,11,8,9=0.025676118
1,11,8,10=0.000789035
2,11,8,10=0.000026060
3,11,8,10=-0.002918836
5,11,8,10=0.002896757
0,11,8,11=0.005479471
4,11,8,11=0.013731730
8,11,8,11=0.023239100
0,11,9,1=0.306077178
0,11,9,2=-0.000073778
0,11,9,3=0.004648023
1,11,9,4=-0.004928304
2,11,9,4=0.003735468
3,11,9,4=-0.149660070
0,11,9,5=-0.001467370
4,11,9,5=0.061832088
1,11,9,8=-0.000483074
2,11,9,8=-0.003806706
3,11,9,8=-0.026183361
5,11,9,8=0.167080395
6,11,9,9=-0.139840321
7,11,9,9=0.085676155
6,11,9,10=0.071487506
7,11,9,10=0.121332427
9,11,9,11=0.146698350
0,11,10,1=0.034531360
0,11,10,2=-0.000008324
0,11,10,3=0.000524386
1,11,10,4=-0.000556007
2,11,10,4=0.000421432
3,11,10,4=-0.016884518
0,11,10,5=-0.000165547
4,11,10,5=0.006975842
1,11,10,8=-0.000054500
2,11,10,8=-0.000429469
3,11,10,8=-0.002953984
5,11,10,8=0.018849864
6,11,10,9=-0.007638316
7,11,10,9=0.018119481
6,11,10,10=-0.000388414
7,11,10,10=0.021826966
9,11,10,11=0.015291778
10,11,10,11=0.012881128
0,11,11,0=0.551544475
1,11,11,1=0.551539311
1,11,11,2=0.000014540
2,11,11,2=0.696565408
1,11,11,3=0.002270390
2,11,11,3=0.005828287
3,11,11,3=0.501046739
0,11,11,4=-0.002727943
4,11,11,4=0.494556132
1,11,11,5=-0.004989848
2,11,11,5=0.004825268
3,11,11,5=0.042557711
5,11,11,5=0.452654336
6,11,11,6=0.492815491
6,11,11,7=-0.016504303
7,11,11,7=0.483939666
0,11,11,8=-0.004920390
4,11,11,8=-0.048096660
8,11,11,8=0.454611211
9,11,11,9=0.474272852
9,11,11,10=0.003015132
10,11,11,10=0.447887657
6,11,11,11=0.034752890
7,11,11,11=-0.026642501
11,11,11,11=0.537223798
0,12,0,6=0.004259510
4,12,0,6=0.005618617
0,12,0,7=0.005556171
4,12,0,7=0.007329010
6,12,0,8=0.002289663
7,12,0,8=0.002986672
1,12,0,9=-0.001144450
2,12,0,9=-0.000003784
3,12,0,9=0.001242517
5,12,0,9=-0.000884698
1,12,0,10=0.010144112
2,12,0,10=0.000033539
3,12,0,10=-0.011013358
5,12,0,10=0.007841735
0,12,0,12=0.007990705
1,12,1,6=0.004267073
2,12,1,6=0.000169389
3,12,1,6=-0.005740484
5,12,1,6=0.002832230
1,12,1,7=0.005566037
2,12,1,7=0.000220954
3,12,1,7=-0.007487976
5,12,1,7=0.003694404
0,12,1,9=-0.001148594
4,12,1,9=-0.001378379
8,12,1,9=-0.000689444
0,12,1,10=0.010180841
4,12,1,10=0.012217598
8,12,1,10=0.006111060
1,12,1,12=0.008006115
1,12,2,6=-0.000157494
2,12,2,6=-0.006708414
3,12,2,6=0.007008298
5,12,2,6=0.004845994
1,12,2,7=-0.000205438
2,12,2,7=-0.008750559
3,12,2,7=0.009141732
5,12,2,7=0.006321189
0,12,2,9=0.000044824
4,12,2,9=0.000508142
8,12,2,9=-0.000098654
0,12,2,10=-0.000397313
4,12,2,10=-0.004504045
8,12,2,10=0.000874444
1,12,2,12=-0.000336649
2,12,2,12=0.015845580
1,12,3,6=-0.003636025
2,12,3,6=0.003891384
3,12,3,6=0.002454413
5,12,3,6=-0.017366155
1,12,3,7=-0.004742887
2,12,3,7=0.005075981
3,12,3,7=0.003201574
5,12,3,7=-0.022652682
0,12,3,9=0.000961549
4,12,3,9=0.002862191
8,12,3,9=0.002113215
0,12,3,10=-0.008522925
4,12,3,10=-0.025369736
8,12,3,10=-0.018730995
1,12,3,12=-0.006513953
2,12,3,12=-0.008946527
3,12,3,12=0.034974737
0,12,4,6=0.004244632
4,12,4,6=0.015394771
0,12,4,7=0.005536764
4,12,4,7=0.020081178
6,12,4,8=0.009262125
7,12,4,8=0.012081660
1,12,4,9=-0.001121425
2,12,4,9=0.000004348
3,12,4,9=0.003691436
5,12,4,9=-0.002844928
1,12,4,10=0.009940025
2,12,4,10=-0.000038542
3,12,4,10=-0.032719952
5,12,4,10=0.025216718
0,12,4,12=0.007679469
4,12,4,12=0.026407394
1,12,5,6=0.003949988
2,12,5,6=0.004952982
3,12,5,6=-0.030872114
5,12,5,6=0.001273432
1,12,5,7=0.005152425
2,12,5,7=0.006460746
3,12,5,7=-0.040270063
5,12,5,7=0.001661085
0,12,5,9=-0.001060934
4,12,5,9=-0.004941839
8,12,5,9=-0.002709134
0,12,5,10=0.009403846
4,12,5,10=0.043803200
8,12,5,10=0.024013074
1,12,5,12=0.007349633
2,12,5,12=-0.011038477
3,12,5,12=0.000699012
5,12,5,12=0.048040787
0,12,6,0=0.084799664
1,12,6,1=0.084804282
1,12,6,2=-0.000025936
2,12,6,2=-0.133782744
1,12,6,3=0.002294455
2,12,6,3=-0.002610602
3,12,6,3=-0.003828394
0,12,6,4=-0.002339123
4,12,6,4=0.008572102
1,12,6,5=0.000294114
2,12,6,5=-0.002070806
3,12,6,5=-0.041265247
5,12,6,5=0.021505403
6,12,6,6=-0.011167499
6,12,6,7=-0.001248710
7,12,6,7=-0.009252909
0,12,6,8=0.000905901
4,12,6,8=0.034214647
8,12,6,8=0.028175714
9,12,6,9=0.039519354
9,12,6,10=-0.009122942
10,12,6,10=0.047873380
6,12,6,11=-0.050110579
7,12,6,11=0.024678147
11,12,6,11=-0.020605730
6,12,6,12=0.052154090
0,12,7,0=0.110613994
1,12,7,1=0.110620018
1,12,7,2=-0.000033832
2,12,7,2=-0.174508281
1,12,7,3=0.002992922
2,12,7,3=-0.003405309
3,12,7,3=-0.004993816
0,12,7,4=-0.003051188
4,12,7,4=0.011181583
1,12,7,5=0.000383647
2,12,7,5=-0.002701191
3,12,7,5=-0.053827026
5,12,7,5=0.028051980
6,12,7,6=-0.012069638
6,12,7,7=-0.000957295
7,12,7,7=-0.014567058
0,12,7,8=0.001181671
4,12,7,8=0.044630115
8,12,7,8=0.036752838
9,12,7,9=0.047875275
9,12,7,10=0.004177013
10,12,7,10=0.066121160
6,12,7,11=-0.051627043
7,12,7,11=0.050110579
11,12,7,11=-0.026878433
6,12,7,12=0.050110579
7,12,7,12=0.079102986
0,12,8,6=0.002948999
4,12,8,6=0.015107907
0,12,8,7=0.003846720
4,12,8,7=0.019706988
6,12,8,8=0.007622483
7,12,8,8=0.009942884
1,12,8,9=-0.000789035
2,12,8,9=-0.000026060
3,12,8,9=0.002918836
5,12,8,9=-0.002896757
1,12,8,10=0.006993801
2,12,8,10=0.000230993
3,12,8,10=-0.025871822
5,12,8,10=0.025676118
0,12,8,12=0.005479471
4,12,8,12=0.013731730
8,12,8,12=0.023239100
0,12,9,1=-0.034531360
0,12,9,2=0.000008324
0,12,9,3=-0.000524386
1,12,9,4=0.000556007
2,12,9,4=-0.000421432
3,12,9,4=0.016884518
0,12,9,5=0.000165547
4,12,9,5=-0.006975842
1,12,9,8=0.000054500
2,12,9,8=0.000429469
3,12,9,8=0.002953984
5,12,9,8=-0.018849864
6,12,9,9=0.021826966
7,12,9,9=0.000388414
6,12,9,10=-0.018119481
7,12,9,10=-0.007638316
9,12,9,11=-0.015291778
10,12,9,11=0.009430718
9,12,9,12=0.012881128
0,12,10,1=0.306077178
0,12,10,2=-0.000073778
0,12,10,3=0.004648023
1,12,10,4=-0.004928304
2,12,10,4=0.003735468
3,12,10,4=-0.149660070
0,12,10,5=-0.001467370
4,12,10,5=0.061832088
1,12,10,8=-0.000483074
2,12,10,8=-0.003806706
3,12,10,8=-0.026183361
5,12,10,8=0.167080395
6,12,10,9=-0.121332427
7,12,10,9=0.071487506
6,12,10,10=0.085676155
7,12,10,10=0.139840321
9,12,10,11=0.124386504
10,12,10,11=0.015291778
9,12,10,12=-0.015291778
10,12,10,12=0.146698350
6,12,11,6=-0.016504303
6,12,11,7=-0.004437913
7,12,11,7=0.016504303
9,12,11,9=-0.003015132
9,12,11,10=0.013192597
10,12,11,10=0.003015132
6,12,11,11=-0.003018385
7,12,11,11=-0.003937228
6,12,11,12=0.003937228
7,12,11,12=-0.003018385
11,12,11,12=0.020523696
0,12,12,0=0.551544475
1,12,12,1=0.551539311
1,12,12,2=0.000014540
2,12,12,2=0.696565408
1,12,12,3=0.002270390
2,12,12,3=0.005828287
3,12,12,3=0.501046739
0,12,12,4=-0.002727943
4,12,12,4=0.494556132
1,12,12,5=-0.004989848
2,12,12,5=0.004825268
3,12,12,5=0.042557711
5,12,12,5=0.452654336
6,12,12,6=0.483939666
6,12,12,7=0.016504303
7,12,12,7=0.492815491
0,12,12,8=-0.004920390
4,12,12,8=-0.048096660
8,12,12,8=0.454611211
9,12,12,9=0.447887657
9,12,12,10=-0.003015132
10,12,12,10=0.474272852
6,12,12,11=0.026878433
7,12,12,11=-0.020605730
11,12,12,11=0.496176406
6,12,12,12=-0.026642501
7,12,12,12=-0.034752890
12,12,12,12=0.537223798
0,13,0,1=-0.104172286
0,13,0,2=0.000033373
0,13,0,3=-0.015790883
1,13,0,4=0.016535827
2,13,0,4=0.000426816
3,13,0,4=-0.003374999
0,13,0,5=0.002313136
4,13,0,5=-0.010203926
1,13,0,8=-0.001590640
2,13,0,8=-0.000396584
3,13,0,8=0.010700891
5,13,0,8=-0.013864553
6,13,0,9=0.001701656
7,13,0,9=-0.001023991
6,13,0,10=-0.001023991
7,13,0,10=-0.001701656
9,13,0,11=-0.003882679
10,13,0,11=-0.000438040
9,13,0,12=0.000438040
10,13,0,12=-0.003882679
0,13,0,13=0.017979905
0,13,1,0=-0.101608977
1,13,1,1=-0.101659420
1,13,1,2=0.000038897
2,13,1,2=0.011138709
1,13,1,3=-0.015820059
2,13,1,3=0.000000892
3,13,1,3=0.007370371
0,13,1,4=0.016551586
4,13,1,4=0.006570169
1,13,1,5=0.002262147
2,13,1,5=0.000057446
3,13,1,5=0.010152031
5,13,1,5=-0.011340931
6,13,1,6=0.003588148
7,13,1,7=0.003588148
0,13,1,8=-0.001629778
4,13,1,8=-0.013064366
8,13,1,8=-0.010111383
9,13,1,9=-0.001234427
10,13,1,10=-0.001234427
6,13,1,11=0.003856777
7,13,1,11=-0.002956709
11,13,1,11=0.002257296
6,13,1,12=-0.002956709
7,13,1,12=-0.003856777
12,13,1,12=0.002257296
1,13,1,13=0.018051932
0,13,2,0=0.002146135
1,13,2,1=0.002145697
1,13,2,2=0.000090004
2,13,2,2=0.252101130
1,13,2,3=-0.000008195
2,13,2,3=0.025766762
3,13,2,3=0.005710424
0,13,2,4=-0.000005619
4,13,2,4=0.003324578
1,13,2,5=-0.000080872
2,13,2,5=0.024359783
3,13,2,5=0.003979469
5,13,2,5=0.004618691
6,13,2,6=0.002782903
7,13,2,7=0.002782903
0,13,2,8=-0.000083969
4,13,2,8=-0.002160291
8,13,2,8=0.003159205
9,13,2,9=0.001366439
10,13,2,10=0.001366439
6,13,2,11=0.001703367
7,13,2,11=-0.001305847
11,13,2,11=0.004603832
6,13,2,12=-0.001305847
7,13,2,12=-0.001703367
12,13,2,12=0.004603832
1,13,2,13=0.000114080
2,13,2,13=0.029860888
0,13,3,0=-0.148000376
1,13,3,1=-0.147985548
1,13,3,2=0.000006239
2,13,3,2=0.098004030
1,13,3,3=-0.001559450
2,13,3,3=0.005131331
3,13,3,3=-0.052215714
0,13,3,4=0.002116898
4,13,3,4=-0.065789068
1,13,3,5=0.009067226
2,13,3,5=0.004234077
3,13,3,5=0.014312327
5,13,3,5=-0.019510889
6,13,3,6=-0.023167168
7,13,3,7=-0.023167168
0,13,3,8=0.009742374
4,13,3,8=0.005999988
8,13,3,8=-0.034078022
9,13,3,9=-0.069158986
10,13,3,10=-0.069158986
6,13,3,11=0.044253485
7,13,3,11=-0.033925912
11,13,3,11=-0.005639935
6,13,3,12=-0.033925912
7,13,3,12=-0.044253485
12,13,3,12=-0.005639935
1,13,3,13=-0.006528446
2,13,3,13=0.003522443
3,13,3,13=0.066386110
0,13,4,1=0.176650023
0,13,4,2=-0.000011611
0,13,4,3=0.001278456
1,13,4,4=-0.001871871
2,13,4,4=0.002441210
3,13,4,4=-0.097230076
0,13,4,5=-0.010192028
4,13,4,5=0.002988671
1,13,4,8=-0.011174675
2,13,4,8=-0.002261739
3,13,4,8=0.019817181
5,13,4,8=0.049739948
6,13,4,9=-0.063294852
7,13,4,9=0.038088395
6,13,4,10=0.038088395
7,13,4,10=0.063294852
9,13,4,11=0.060476403
10,13,4,11=0.006822895
9,13,4,12=-0.006822895
10,13,4,12=0.060476403
0,13,4,13=0.008057077
4,13,4,13=0.065947837
0,13,5,0=-0.077598243
1,13,5,1=-0.077612137
1,13,5,2=0.000039438
2,13,5,2=0.166826763
1,13,5,3=-0.002344771
2,13,5,3=0.004891851
3,13,5,3=0.016730304
0,13,5,4=0.002201351
4,13,5,4=0.002477062
1,13,5,5=-0.003515264
2,13,5,5=0.004311344
3,13,5,5=0.049202161
5,13,5,5=-0.040534132
6,13,5,6=0.024142568
7,13,5,7=0.024142568
0,13,5,8=-0.004497979
4,13,5,8=-0.044382738
8,13,5,8=-0.051576840
9,13,5,9=-0.031229992
10,13,5,10=-0.031229992
6,13,5,11=0.051158702
7,13,5,11=-0.039219638
11,13,5,11=0.036645932
6,13,5,12=-0.039219638
7,13,5,12=-0.051158702
12,13,5,12=0.036645932
1,13,5,13=0.006196595
2,13,5,13=0.003889270
3,13,5,13=0.028535189
5,13,5,13=0.059903532
1,13,6,6=0.002739084
2,13,6,6=-0.007530008
3,13,6,6=0.011712523
5,13,6,6=0.017217629
0,13,6,9=-0.003276371
4,13,6,9=-0.005942928
8,13,6,9=0.000467456
0,13,6,10=0.001971593
4,13,6,10=0.003576224
8,13,6,10=-0.000281297
1,13,6,11=-0.002213394
2,13,6,11=-0.008356835
3,13,6,11=0.021952459
5,13,6,11=0.016538002
1,13,6,12=0.001696847
2,13,6,12=0.006406575
3,13,6,12=-0.016829346
5,13,6,12=-0.012678477
6,13,6,13=0.033630931
1,13,7,7=0.002739084
2,13,7,7=-0.007530008
3,13,7,7=0.011712523
5,13,7,7=0.017217629
0,13,7,9=0.001971593
4,13,7,9=0.003576224
8,13,7,9=-0.000281297
0,13,7,10=0.003276371
4,13,7,10=0.005942928
8,13,7,10=-0.000467456
1,13,7,11=0.001696847
2,13,7,11=0.006406575
3,13,7,11=-0.016829346
5,13,7,11=-0.012678477
1,13,7,12=0.002213394
2,13,7,12=0.008356835
3,13,7,12=-0.021952459
5,13,7,12=-0.016538002
7,13,7,13=0.033630931
0,13,8,1=-0.188996470
0,13,8,2=0.000028650
0,13,8,3=-0.002614048
1,13,8,4=0.002666911
2,13,8,4=-0.001167760
3,13,8,4=0.088072510
0,13,8,5=-0.000324087
4,13,8,5=-0.040578489
1,13,8,8=-0.001012427
2,13,8,8=0.001166379
3,13,8,8=0.017878174
5,13,8,8=-0.122195234
6,13,8,9=0.072209231
7,13,8,9=-0.043452723
6,13,8,10=-0.043452723
7,13,8,10=-0.072209231
9,13,8,11=-0.076509056
10,13,8,11=-0.008631685
9,13,8,12=0.008631685
10,13,8,12=-0.076509056
0,13,8,13=0.003437221
4,13,8,13=-0.035975888
8,13,8,13=0.066573088
0,13,9,6=-0.003953938
4,13,9,6=-0.018041389
0,13,9,7=0.002379327
4,13,9,7=0.010856610
6,13,9,8=0.002966495
7,13,9,8=-0.001785122
1,13,9,9=0.006526439
2,13,9,9=0.000164999
3,13,9,9=-0.023954843
5,13,9,9=0.002739533
0,13,9,11=0.004882188
4,13,9,11=0.013569615
8,13,9,11=0.000677482
0,13,9,12=-0.000550804
4,13,9,12=-0.001530912
8,13,9,12=-0.000076433
9,13,9,13=0.019444333
0,13,10,6=0.002379327
4,13,10,6=0.010856610
0,13,10,7=0.003953938
4,13,10,7=0.018041389
6,13,10,8=-0.001785122
7,13,10,8=-0.002966495
1,13,10,10=0.006526439
2,13,10,10=0.000164999
3,13,10,10=-0.023954843
5,13,10,10=0.002739533
0,13,10,11=0.000550804
4,13,10,11=0.001530912
8,13,10,11=0.000076433
0,13,10,12=0.004882188
4,13,10,12=0.013569615
8,13,10,12=0.000677482
10,13,10,13=0.019444333
1,13,11,6=-0.003325464
2,13,11,6=-0.009237193
3,13,11,6=0.042384467
5,13,11,6=0.019003400
1,13,11,7=0.002549390
2,13,11,7=0.007081481
3,13,11,7=-0.032493073
5,13,11,7=-0.014568518
0,13,11,9=0.006019022
4,13,11,9=0.034539072
8,13,11,9=-0.003702636
0,13,11,10=0.000679061
4,13,11,10=0.003896668
8,13,11,10=-0.000417728
1,13,11,11=0.004631335
2,13,11,11=-0.015803771
3,13,11,11=0.017871136
5,13,11,11=0.037536619
6,13,11,13=0.018877413
7,13,11,13=-0.014471933
11,13,11,13=0.058966659
1,13,12,6=0.002549390
2,13,12,6=0.007081481
3,13,12,6=-0.032493073
5,13,12,6=-0.014568518
1,13,12,7=0.003325464
2,13,12,7=0.009237193
3,13,12,7=-0.042384467
5,13,12,7=-0.019003400
0,13,12,9=-0.000679061
4,13,12,9=-0.003896668
8,13,12,9=0.000417728
0,13,12,10=0.006019022
4,13,12,10=0.034539072
8,13,12,10=-0.003702636
1,13,12,12=0.004631335
2,13,12,12=-0.015803771
3,13,12,12=0.017871136
5,13,12,12=0.037536619
6,13,12,13=-0.014471933
7,13,12,13=-0.018877413
12,13,12,13=0.058966659
0,13,13,0=0.627401167
1,13,13,1=0.627384996
1,13,13,2=0.000034797
2,13,13,2=0.677292740
1,13,13,3=0.002745914
2,13,13,3=0.006246936
3,13,13,3=0.531847598
0,13,13,4=-0.003615672
4,13,13,4=0.530181956
1,13,13,5=-0.012368763
2,13,13,5=0.005634825
3,13,13,5=0.049235656
5,13,13,5=0.461083651
6,13,13,6=0.495847660
7,13,13,7=0.495847660
0,13,13,8=-0.013090542
4,13,13,8=-0.065933368
8,13,13,8=0.473863265
9,13,13,9=0.478241996
10,13,13,10=0.478241996
6,13,13,11=0.020236399
7,13,13,11=-0.015513768
11,13,13,11=0.515515485
6,13,13,12=-0.015513768
7,13,13,12=-0.020236399
12,13,13,12=0.515515485
1,13,13,13=0.008393901
2,13,13,13=0.006762948
3,13,13,13=-0.041048854
5,13,13,13=0.020124227
13,13,13,13=0.552769662
0,14,0,0=-0.124249521
1,14,0,1=-0.124304790
1,14,0,2=0.000042778
2,14,0,2=0.011415674
1,14,0,3=-0.018711943
2,14,0,3=0.000041147
3,14,0,3=0.006363288
0,14,0,4=0.019686572
4,14,0,4=0.005507714
1,14,0,5=0.004522792
2,14,0,5=0.000090204
3,14,0,5=0.010014278
5,14,0,5=-0.011446151
6,14,0,6=0.003268403
7,14,0,7=0.003268403
0,14,0,8=0.000142220
4,14,0,8=-0.012713715
8,14,0,8=-0.010262099
9,14,0,9=-0.001483932
10,14,0,10=-0.001483932
6,14,0,11=0.003802980
7,14,0,11=-0.002915467
11,14,0,11=0.001963973
6,14,0,12=-0.002915467
7,14,0,12=-0.003802980
12,14,0,12=0.001963973
1,14,0,13=0.019554521
2,14,0,13=0.000147983
3,14,0,13=-0.005767633
5,14,0,13=0.006061990
13,14,0,13=0.007303275
0,14,0,14=0.021440709
0,14,1,1=-0.127497114
0,14,1,2=0.000038014
0,14,1,3=-0.018695001
1,14,1,4=0.019684640
2,14,1,4=0.000349850
3,14,1,4=-0.001994325
0,14,1,5=0.004595608
4,14,1,5=-0.010105418
1,14,1,8=0.000204028
2,14,1,8=-0.000318175
3,14,1,8=0.010281071
5,14,1,8=-0.014265523
6,14,1,9=0.002105530
7,14,1,9=-0.001267026
6,14,1,10=-0.001267026
7,14,1,10=-0.002105530
9,14,1,11=-0.004210276
10,14,1,11=-0.000475000
9,14,1,12=0.000475000
10,14,1,12=-0.004210276
0,14,1,13=0.019475620
4,14,1,13=0.007035045
8,14,1,13=0.003732269
1,14,1,14=0.021359875
0,14,2,1=-0.017843784
0,14,2,2=0.000195111
0,14,2,3=0.000196345
1,14,2,4=-0.000250919
2,14,2,4=-0.012069264
3,14,2,4=0.025522048
0,14,2,5=0.000598145
4,14,2,5=0.007523398
1,14,2,8=0.000810411
2,14,2,8=0.013655042
3,14,2,8=-0.012582204
5,14,2,8=-0.017490422
6,14,2,9=0.011299502
7,14,2,9=-0.006799603
6,14,2,10=-0.006799603
7,14,2,10=-0.011299502
9,14,2,11=-0.006902809
10,14,2,11=-0.000778769
9,14,2,12=0.000778769
10,14,2,12=-0.006902809
0,14,2,13=-0.000849068
4,14,2,13=-0.003551790
8,14,2,13=0.001016821
1,14,2,14=-0.000681327
2,14,2,14=0.035676694
0,14,3,1=-0.158798993
0,14,3,2=-0.000040291
0,14,3,3=-0.002744267
1,14,3,4=0.003372368
2,14,3,4=0.003009888
3,14,3,4=0.057930467
0,14,3,5=0.008028452
4,14,3,5=-0.018861795
1,14,3,8=0.008270298
2,14,3,8=-0.003491537
3,14,3,8=0.004046034
5,14,3,8=-0.036544611
6,14,3,9=0.048314837
7,14,3,9=-0.029074001
6,14,3,10=-0.029074001
7,14,3,10=-0.048314837
9,14,3,11=-0.053398242
10,14,3,11=-0.006024343
9,14,3,12=0.006024343
10,14,3,12=-0.053398242
0,14,3,13=-0.004357645
4,14,3,13=-0.049927387
8,14,3,13=0.032317849
1,14,3,14=-0.003635793
2,14,3,14=-0.009409195
3,14,3,14=0.051872911
0,14,4,0=0.140418308
1,14,4,1=0.140408156
1,14,4,2=-0.000026086
2,14,4,2=-0.153099714
1,14,4,3=0.002990744
2,14,4,3=-0.004055265
3,14,4,3=0.023503075
0,14,4,4=-0.003473269
4,14,4,4=0.034067275
1,14,4,5=-0.008035253
2,14,4,5=-0.003361355
3,14,4,5=-0.027979060
5,14,4,5=0.009229069
6,14,4,6=0.007615957
7,14,4,7=0.007615957
0,14,4,8=-0.008305322
4,14,4,8=0.015767882
8,14,4,8=0.015268325
9,14,4,9=0.058563701
10,14,4,10=0.058563701
6,14,4,11=-0.048059336
7,14,4,11=0.036843580
11,14,4,11=-0.007775288
6,14,4,12=0.036843580
7,14,4,12=0.048059336
12,14,4,12=-0.007775288
1,14,4,13=0.004091729
2,14,4,13=-0.003282329
3,14,4,13=-0.057475608
5,14,4,13=-0.029376325
13,14,4,13=0.019805260
0,14,4,14=0.003340991
4,14,4,14=0.065653483
0,14,5,1=-0.055008896
0,14,5,2=-0.000043978
0,14,5,3=-0.001339722
1,14,5,4=0.001274186
2,14,5,4=0.004770473
3,14,5,4=0.001420615
0,14,5,5=-0.003028511
4,14,5,5=-0.030014097
1,14,5,8=-0.003810428
2,14,5,8=-0.005082546
3,14,5,8=0.027150466
5,14,5,8=-0.044024627
6,14,5,9=0.013561354
7,14,5,9=-0.008160698
6,14,5,10=-0.008160698
7,14,5,10=-0.013561354
9,14,5,11=-0.022286570
10,14,5,11=-0.002514351
9,14,5,12=0.002514351
10,14,5,12=-0.022286570
0,14,5,13=0.004431762
4,14,5,13=-0.001798692
8,14,5,13=0.031227473
1,14,5,14=0.004234464
2,14,5,14=-0.012451387
3,14,5,14=0.015365217
5,14,5,14=0.030798493
0,14,6,6=0.003854652
4,14,6,6=0.007621298
6,14,6,8=0.006310091
1,14,6,9=-0.004688415
2,14,6,9=0.000183484
3,14,6,9=0.012366008
5,14,6,9=-0.006053016
1,14,6,10=0.002821307
2,14,6,10=-0.000110414
3,14,6,10=-0.007441385
5,14,6,10=0.003642471
0,14,6,11=-0.003296535
4,14,6,11=-0.013263766
8,14,6,11=0.002139258
0,14,6,12=0.002527213
4,14,6,12=0.010168360
8,14,6,12=-0.001640013
9,14,6,13=-0.011454839
10,14,6,13=0.006893079
6,14,6,14=0.018824136
0,14,7,7=0.003854652
4,14,7,7=0.007621298
7,14,7,8=0.006310091
1,14,7,9=0.002821307
2,14,7,9=-0.000110414
3,14,7,9=-0.007441385
5,14,7,9=0.003642471
1,14,7,10=0.004688415
2,14,7,10=-0.000183484
3,14,7,10=-0.012366008
5,14,7,10=0.006053016
0,14,7,11=0.002527213
4,14,7,11=0.010168360
8,14,7,11=-0.001640013
0,14,7,12=0.003296535
4,14,7,12=0.013263766
8,14,7,12=-0.002139258
9,14,7,13=0.006893079
10,14,7,13=0.011454839
7,14,7,14=0.018824136
0,14,8,0=-0.074828995
1,14,8,1=-0.074839156
1,14,8,2=0.000048052
2,14,8,2=0.208725383
1,14,8,3=-0.002468870
2,14,8,3=0.004423236
3,14,8,3=0.028608796
0,14,8,4=0.002353712
4,14,8,4=0.018127029
1,14,8,5=-0.001836302
2,14,8,5=0.003918077
3,14,8,5=0.049300684
5,14,8,5=-0.023665552
6,14,8,6=0.030652236
7,14,8,7=0.030652236
0,14,8,8=-0.002563555
4,14,8,8=-0.048497228
8,14,8,8=-0.028467165
9,14,8,9=-0.021892109
10,14,8,10=-0.021892109
6,14,8,11=0.048610190
7,14,8,11=-0.037265879
11,14,8,11=0.042617762
6,14,8,12=-0.037265879
7,14,8,12=-0.048610190
12,14,8,12=0.042617762
1,14,8,13=0.004580562
2,14,8,13=0.004107124
3,14,8,13=0.028416892
5,14,8,13=0.054123821
13,14,8,13=0.023699538
0,14,8,14=0.004645207
4,14,8,14=-0.042176144
8,14,8,14=0.062826503
1,14,9,6=-0.004913953
2,14,9,6=0.000150404
3,14,9,6=0.018527638
5,14,9,6=-0.004909636
1,14,9,7=0.002957027
2,14,9,7=-0.000090507
3,14,9,7=-0.011149216
5,14,9,7=0.002954429
0,14,9,9=0.008209601
4,14,9,9=0.028882506
8,14,9,9=0.003364193
1,14,9,11=0.006161972
2,14,9,11=0.000457302
3,14,9,11=-0.016618816
5,14,9,11=0.007334289
1,14,9,12=-0.000695188
2,14,9,12=-0.000051592
3,14,9,12=0.001874920
5,14,9,12=-0.000827448
6,14,9,13=-0.012572573
7,14,9,13=0.007565688
11,14,9,13=0.012627780
12,14,9,13=-0.001424655
9,14,9,14=0.020534179
1,14,10,6=0.002957027
2,14,10,6=-0.000090507
3,14,10,6=-0.011149216
5,14,10,6=0.002954429
1,14,10,7=0.004913953
2,14,10,7=-0.000150404
3,14,10,7=-0.018527638
5,14,10,7=0.004909636
0,14,10,10=0.008209601
4,14,10,10=0.028882506
8,14,10,10=0.003364193
1,14,10,11=0.000695188
2,14,10,11=0.000051592
3,14,10,11=-0.001874920
5,14,10,11=0.000827448
1,14,10,12=0.006161972
2,14,10,12=0.000457302
3,14,10,12=-0.016618816
5,14,10,12=0.007334289
6,14,10,13=0.007565688
7,14,10,13=0.012572573
11,14,10,13=0.001424655
12,14,10,13=0.012627780
10,14,10,14=0.020534179
0,14,11,6=-0.003631523
4,14,11,6=-0.023337502
0,14,11,7=0.002784023
4,14,11,7=0.017891157
6,14,11,8=0.005539808
7,14,11,8=-0.004246966
1,14,11,9=0.006491042
2,14,11,9=0.000520293
3,14,11,9=-0.027052811
5,14,11,9=0.005109335
1,14,11,10=0.000732314
2,14,11,10=0.000058699
3,14,11,10=-0.003052075
5,14,11,10=0.000576431
0,14,11,11=0.004969466
4,14,11,11=0.006924857
8,14,11,11=0.011098441
9,14,11,13=0.014607994
10,14,11,13=0.001648061
6,14,11,14=0.000618995
7,14,11,14=-0.000474538
11,14,11,14=0.026746318
0,14,12,6=0.002784023
4,14,12,6=0.017891157
0,14,12,7=0.003631523
4,14,12,7=0.023337502
6,14,12,8=-0.004246966
7,14,12,8=-0.005539808
1,14,12,9=-0.000732314
2,14,12,9=-0.000058699
3,14,12,9=0.003052075
5,14,12,9=-0.000576431
1,14,12,10=0.006491042
2,14,12,10=0.000520293
3,14,12,10=-0.027052811
5,14,12,10=0.005109335
0,14,12,12=0.004969466
4,14,12,12=0.006924857
8,14,12,12=0.011098441
9,14,12,13=-0.001648061
10,14,12,13=0.014607994
6,14,12,14=-0.000474538
7,14,12,14=-0.000618995
12,14,12,14=0.026746318
0,14,13,1=0.326716954
0,14,13,2=-0.000132926
0,14,13,3=0.004174496
1,14,13,4=-0.004750974
2,14,13,4=0.010360688
3,14,13,4=-0.178746825
0,14,13,5=-0.009375960
4,14,13,5=0.025992011
1,14,13,8=-0.009599590
2,14,13,8=-0.010851454
3,14,13,8=0.015247489
5,14,13,8=0.158134283
6,14,13,9=-0.124876892
7,14,13,9=0.075146085
6,14,13,10=0.075146085
7,14,13,10=0.124876892
9,14,13,11=0.117898291
10,14,13,11=0.013301182
9,14,13,12=-0.013301182
10,14,13,12=0.117898291
0,14,13,13=0.003938105
4,14,13,13=0.078598926
8,14,13,13=-0.076335224
1,14,13,14=0.002639590
2,14,13,14=-0.023300403
3,14,13,14=-0.049272503
5,14,13,14=-0.006388087
13,14,13,14=0.154824138
0,14,14,0=0.652499299
1,14,14,1=0.652479084
1,14,14,2=0.000077873
2,14,14,2=0.896943687
1,14,14,3=0.002821561
2,14,14,3=0.011043148
3,14,14,3=0.575187753
0,14,14,4=-0.003961064
4,14,14,4=0.574750796
1,14,14,5=-0.014370113
2,14,14,5=0.009999631
3,14,14,5=0.072363855
5,14,14,5=0.482088641
6,14,14,6=0.529776639
7,14,14,7=0.529776639
0,14,14,8=-0.015138355
4,14,14,8=-0.096483473
8,14,14,8=0.502704372
9,14,14,9=0.496096026
10,14,14,10=0.496096026
6,14,14,11=0.036132037
7,14,14,11=-0.027699792
11,14,14,11=0.556861684
6,14,14,12=-0.027699792
7,14,14,12=-0.036132037
12,14,14,12=0.556861684
1,14,14,13=0.010028277
2,14,14,13=0.012588102
3,14,14,13=-0.036767085
5,14,14,13=0.036246479
13,14,14,13=0.588698070
0,14,14,14=0.009013521
4,14,14,14=-0.009865339
8,14,14,14=0.063842247
14,14,14,14=0.686114507
orbs=15
consts=135
