tst=0
info=0,0
nuc=-235.599666158
Ehf=-272.04367617
0,0=-4.3356863532
1,0=-0.0415575529417
1,1=-5.26091765296
2,0=0.00965084325348
2,1=0.00091261962187
2,2=-4.56835408346
3,0=0.310340912727
3,1=0.081833315086
3,2=0.00342096770279
3,3=-5.44372610523
4,0=-0.021973741062
4,1=0.247511511317
4,2=0.000722895700923
4,3=0.130586503709
4,4=-3.95013512628
5,0=-0.13587678143
5,1=0.010935244488
5,2=-0.120659781597
5,3=-0.0581299845487
5,4=-0.0706341390324
5,5=-4.40047408753
6,0=0.0205281814039
6,1=-0.116657052269
6,2=0.00705408272797
6,3=0.190020060499
6,4=-0.100212733236
6,5=-0.142084512067
6,6=-4.20514754488
7,0=0.144775233184
7,1=-0.0110707313938
7,2=-0.120036300598
7,3=0.0588668546294
7,4=0.0793406943209
7,5=0.206897855807
7,6=0.147977599162
7,7=-4.43228180772
8,0=-0.0152023680603
8,1=-7.08662100607e-05
8,2=0.282946213272
8,3=-0.00609834199671
8,4=0.00139229732221
8,5=-0.123348542774
8,6=-0.00700070681365
8,7=-0.119118135299
8,8=-4.48168042978
9,0=-0.356428948052
9,1=-0.15003699336
9,2=-0.00319349508334
9,3=-0.106028039067
9,4=-0.125735044618
9,5=0.0530201479458
9,6=0.222217416822
9,7=-0.0541539214781
9,8=0.00258821491666
9,9=-4.41381253
10,0=-0.529711018418
10,1=0.120677601064
10,2=-0.00766349786362
10,3=-0.0465576469802
10,4=0.125721455386
10,5=0.109389993357
10,6=-0.0410998785444
10,7=-0.110099739093
10,8=0.00681807712949
10,9=0.34839352165
10,10=-3.94924558932
11,0=0.0211826478993
11,1=-0.210747604751
11,2=-0.00216556618961
11,3=-0.180074476697
11,4=-0.195179706911
11,5=0.0378169975729
11,6=-0.0641018214097
11,7=-0.0372811766032
11,8=0.00242601256583
11,9=0.207593137573
11,10=0.0328165716655
11,11=-4.45726077507
0,0,0,0=0.538161539783
0,1,0,0=0.00665756875853
1,1,0,0=0.0041863531697
1,1,0,1=-0.0148356077831
0,1,1,0=0.220929212679
1,1,1,1=0.668573526456
0,2,0,0=0.00180846038177
1,2,0,0=-0.000148941129238
1,2,0,1=-0.00195598234128
2,2,0,0=0.00824927435103
2,2,0,1=0.00491997330278
2,2,0,2=-0.00157575294326
0,2,1,0=0.000202398696912
1,2,1,0=-0.000438146224201
1,2,1,1=-1.1389497198e-05
2,2,1,1=0.0477628092445
2,2,1,2=-0.000121884515872
0,2,2,0=0.280812422365
1,2,2,0=0.00383028001275
1,2,2,1=0.422698935312
2,2,2,2=0.385704314995
0,3,0,0=0.0573820727047
1,3,0,0=-0.00526493352068
1,3,0,1=-0.058922065964
2,3,0,0=0.00140459379265
2,3,0,1=0.000596378028684
2,3,0,2=-0.045210682264
3,3,0,0=0.0633137491396
3,3,0,1=0.0059595970804
3,3,0,2=-8.96295082891e-05
3,3,0,3=-0.0634171571002
0,3,1,0=-0.0205125823122
1,3,1,0=-0.00780707091701
1,3,1,1=0.0453592437395
2,3,1,0=4.76488525965e-05
2,3,1,1=-0.000271087400415
2,3,1,2=-0.00350806892785
3,3,1,1=0.0191681577352
3,3,1,2=0.000147549249477
3,3,1,3=-0.0393882617747
0,3,2,0=0.000492491162841
1,3,2,0=4.99440197147e-05
1,3,2,1=-0.000896414763986
2,3,2,0=-0.00565286253093
2,3,2,1=-0.0142512349498
2,3,2,2=-0.000583408528488
3,3,2,2=0.0373245906999
3,3,2,3=-0.00106804327381
0,3,3,0=0.412404238807
1,3,3,0=0.0163518181683
1,3,3,1=0.356270829977
2,3,3,0=-0.00107577906646
2,3,3,1=0.000584804118199
2,3,3,2=0.403468436707
3,3,3,3=0.631939108753
0,4,0,0=-0.0116852067559
1,4,0,0=1.2558600943e-05
1,4,0,1=0.0107927357243
2,4,0,0=-0.000247124050399
2,4,0,1=-0.000115129958534
2,4,0,2=0.00502040890655
3,4,0,0=-0.00645906512717
3,4,0,1=0.000641105930435
3,4,0,2=-7.63054133668e-05
3,4,0,3=0.00390514088262
4,4,0,0=0.00247403207525
4,4,0,1=-0.00134450908278
4,4,0,2=0.000124056428071
4,4,0,3=-0.00073613547223
4,4,0,4=0.00258479017264
0,4,1,0=-0.00649909495154
1,4,1,0=0.00262421245416
1,4,1,1=-0.0335049273557
2,4,1,0=7.38441581465e-05
2,4,1,1=0.000195150889531
2,4,1,2=-0.0159735929916
3,4,1,0=0.00112685068852
3,4,1,1=-0.0049420513769
3,4,1,2=-3.28354347703e-05
3,4,1,3=-0.0105915962338
4,4,1,1=0.0102813077587
4,4,1,2=-0.000148771924765
4,4,1,3=0.00270512509753
4,4,1,4=0.00598207574983
0,4,2,0=-0.000517070862872
1,4,2,0=4.43598707109e-05
1,4,2,1=0.000332611591335
2,4,2,0=0.000435768092074
2,4,2,1=-0.00912242292954
2,4,2,2=-5.57560787065e-05
3,4,2,0=-0.000160739329212
3,4,2,1=0.000176064765405
3,4,2,2=-0.00360034570808
3,4,2,3=-0.000615945328317
4,4,2,2=0.0128721921019
4,4,2,3=1.27169212402e-05
4,4,2,4=-0.000332404853647
0,4,3,0=-0.00409776737322
1,4,3,0=0.000201543682072
1,4,3,1=-0.0136885841216
2,4,3,0=6.69002388328e-05
2,4,3,1=0.000177860397935
2,4,3,2=-0.00913829144866
3,4,3,0=0.00336263788223
3,4,3,1=-0.001374608563
3,4,3,2=-0.000221477671267
3,4,3,3=-0.00670721715307
4,4,3,3=0.00189335979582
4,4,3,4=-0.000676629273985
0,4,4,0=0.162016297133
1,4,4,0=-0.0112421324742
1,4,4,1=0.333744545408
2,4,4,0=-0.000470711105574
2,4,4,1=-0.000651997055391
2,4,4,2=0.267034385957
3,4,4,0=-0.0189011414218
3,4,4,1=0.0268706315073
3,4,4,2=0.000109796299704
3,4,4,3=0.205938701591
4,4,4,4=0.454829227319
0,5,0,0=-0.0242892670856
1,5,0,0=0.00230711319342
1,5,0,1=0.0259927492747
2,5,0,0=0.00506058063319
2,5,0,1=0.00173525915785
2,5,0,2=0.0171687566889
3,5,0,0=-0.0196449232369
3,5,0,1=-0.000892347299607
3,5,0,2=0.00223361585294
3,5,0,3=0.0155369275072
4,5,0,0=0.00252261046125
4,5,0,1=-0.00016890107391
4,5,0,2=-0.00155985765202
4,5,0,3=-0.00156513958123
4,5,0,4=0.008441420786
5,5,0,0=0.0164403383658
5,5,0,1=0.00514702986813
5,5,0,2=-0.00282311069486
5,5,0,3=-0.00208578322552
5,5,0,4=0.00125423057077
5,5,0,5=0.0168974134292
0,5,1,0=-0.00125150628495
1,5,1,0=0.00418681406724
1,5,1,1=-0.00118723581898
2,5,1,0=0.000741120584028
2,5,1,1=-0.0167586297545
2,5,1,2=-0.000648296797466
3,5,1,0=-0.00540081537963
3,5,1,1=0.00177835330991
3,5,1,2=-0.00213798375594
3,5,1,3=-0.00498121593478
4,5,1,0=0.000818863793129
4,5,1,1=0.00338489382659
4,5,1,2=0.00697305713319
4,5,1,3=-0.00112808912267
4,5,1,4=-0.00442090627243
5,5,1,1=0.0374395449951
5,5,1,2=0.000145947578318
5,5,1,3=-0.00983303290267
5,5,1,4=-0.00580597865622
5,5,1,5=-0.000699724229463
0,5,2,0=0.0695213684456
1,5,2,0=0.0079440834675
1,5,2,1=-0.064750326155
2,5,2,0=0.00178646639414
2,5,2,1=-0.000122431172471
2,5,2,2=-0.000642847203197
3,5,2,0=0.00634180276587
3,5,2,1=-0.0201219418265
3,5,2,2=0.000812068695375
3,5,2,3=0.0697075681599
4,5,2,0=-0.003511466044
4,5,2,1=0.0050837238716
4,5,2,2=0.000573971101739
4,5,2,3=0.000869388435908
4,5,2,4=-0.0633401714666
5,5,2,2=0.0612949259314
5,5,2,3=-0.00100160595889
5,5,2,4=-0.000244272235412
5,5,2,5=0.0017464207176
0,5,3,0=-0.00385385267108
1,5,3,0=-0.00178816666623
1,5,3,1=0.010395912187
2,5,3,0=0.000265940341115
2,5,3,1=-0.00898360071601
2,5,3,2=0.00696559672752
3,5,3,0=0.00356036795507
3,5,3,1=-0.00167983777658
3,5,3,2=0.019824659441
3,5,3,3=0.0146226097823
4,5,3,0=-0.000748268070769
4,5,3,1=-0.0014436125392
4,5,3,2=-0.000112179453924
4,5,3,3=0.00163449569808
4,5,3,4=0.00257551662169
5,5,3,3=0.0311729395959
5,5,3,4=-0.00408846681233
5,5,3,5=0.00695180531642
0,5,4,0=0.003050659686
1,5,4,0=0.000536893113839
1,5,4,1=0.0122053610096
2,5,4,0=-0.00120104695156
2,5,4,1=0.0107563477534
2,5,4,2=0.00792381034655
3,5,4,0=-0.00302337250873
3,5,4,1=-0.000762890338812
3,5,4,2=-0.00222966911372
3,5,4,3=0.0101337917402
4,5,4,0=0.000506007631611
4,5,4,1=-0.001158928773
4,5,4,2=-0.0113366773537
4,5,4,3=-0.000808755568327
4,5,4,4=-0.00644458665767
5,5,4,4=0.0170138149981
5,5,4,5=0.00804372616108
0,5,5,0=0.288981168319
1,5,5,0=0.00348084798047
1,5,5,1=0.403899255726
2,5,5,0=-0.000825812249365
2,5,5,1=1.81248149171e-05
2,5,5,2=0.358830705325
3,5,5,0=-0.0379057993481
3,5,5,1=-0.00342386741242
3,5,5,2=-0.000286096118017
3,5,5,3=0.39319646892
4,5,5,0=0.00416678486703
4,5,5,1=-0.0140537757239
4,5,5,2=-8.15617989278e-05
4,5,5,3=-0.00811436596988
4,5,5,4=0.269416281624
5,5,5,5=0.361349968268
0,6,0,0=-0.0205397513164
1,6,0,0=0.00120100489562
1,6,0,1=0.00584051394666
2,6,0,0=-0.000393589128713
2,6,0,1=-0.000270043671965
2,6,0,2=0.00393775960766
3,6,0,0=-0.0136421609858
3,6,0,1=-0.00158659626953
3,6,0,2=7.10905235928e-05
3,6,0,3=0.0105573640804
4,6,0,0=0.00532206351888
4,6,0,1=0.000495384756724
4,6,0,2=8.78617034324e-05
4,6,0,3=-0.00081235334468
4,6,0,4=0.00174241168699
5,6,0,0=0.00466248668489
5,6,0,1=0.00216698712256
5,6,0,2=-0.00250190779809
5,6,0,3=-0.00247811192017
5,6,0,4=0.000661854251478
5,6,0,5=0.00299931453326
6,6,0,0=0.013875150752
6,6,0,1=0.000433401182598
6,6,0,2=1.89912923007e-05
6,6,0,3=-0.00288358965796
6,6,0,4=-0.00152519829756
6,6,0,5=0.00141121836224
6,6,0,6=-0.00035395786897
0,6,1,0=-0.00114055402035
1,6,1,0=-0.000869177588276
1,6,1,1=0.0216060617106
2,6,1,0=-0.000104541531055
2,6,1,1=-0.000112070282227
2,6,1,2=0.00804019800851
3,6,1,0=-0.00245857857486
3,6,1,1=0.00430760755578
3,6,1,2=3.02420980531e-05
3,6,1,3=0.00144753325829
4,6,1,0=0.000910979938296
4,6,1,1=-0.00344785212825
4,6,1,2=3.19446686419e-05
4,6,1,3=-0.00153636071869
4,6,1,4=0.00146641092937
5,6,1,0=0.00172501959435
5,6,1,1=0.0050778502783
5,6,1,2=-0.00524726128966
5,6,1,3=-0.00184022102709
5,6,1,4=0.000385463107097
5,6,1,5=0.00686263884386
6,6,1,1=0.00360612847517
6,6,1,2=3.84335600753e-05
6,6,1,3=-6.34400393055e-05
6,6,1,4=-0.00223097592689
6,6,1,5=0.0011710425984
6,6,1,6=-0.0024256216635
0,6,2,0=-0.00068978666456
1,6,2,0=-0.000166676758875
1,6,2,1=-0.000998587548117
2,6,2,0=-0.0012698870652
2,6,2,1=0.00572752812002
2,6,2,2=-0.00123618478592
3,6,2,0=0.00039447437746
3,6,2,1=0.000278232033511
3,6,2,2=-0.00767464748919
3,6,2,3=-0.00188954650682
4,6,2,0=1.90623341055e-05
4,6,2,1=-3.05385953741e-05
4,6,2,2=-0.00201415178342
4,6,2,3=0.000162729532739
4,6,2,4=0.000163541204413
5,6,2,0=-0.00215964646488
5,6,2,1=-0.00300242300868
5,6,2,2=0.00133231436251
5,6,2,3=-0.00798309680188
5,6,2,4=0.00767348972141
5,6,2,5=-0.000794937591555
6,6,2,2=0.0105500024824
6,6,2,3=0.000494639788738
6,6,2,4=0.000521898108108
6,6,2,5=0.00593028572847
6,6,2,6=0.00160543274153
0,6,3,0=-0.0132017360996
1,6,3,0=-0.00186136943612
1,6,3,1=0.00216968829119
2,6,3,0=0.000189813686003
2,6,3,1=0.000529735141226
2,6,3,2=-0.00981229378574
3,6,3,0=0.0077667275087
3,6,3,1=0.00250294363959
3,6,3,2=-0.000612743770895
3,6,3,3=-0.0221382855549
4,6,3,0=-0.00060119349067
4,6,3,1=-0.00136585213188
4,6,3,2=9.54023910591e-05
4,6,3,3=0.00265049860287
4,6,3,4=-0.000469464408041
5,6,3,0=-0.00305763060288
5,6,3,1=-0.00324382218653
5,6,3,2=-0.00864808682386
5,6,3,3=0.00463175362547
5,6,3,4=-0.000942950781803
5,6,3,5=-0.00902486989523
6,6,3,3=0.0099159005768
6,6,3,4=-0.000739007512891
6,6,3,5=-0.00236146012311
6,6,3,6=-0.00356780004514
0,6,4,0=0.0625827746999
1,6,4,0=0.00607122712531
1,6,4,1=-0.045644824446
2,6,4,0=0.000130988502504
2,6,4,1=-0.000445199952217
2,6,4,2=-0.00165861375511
3,6,4,0=0.00412600461913
3,6,4,1=-0.0146563032674
3,6,4,2=0.000446452717381
3,6,4,3=0.0477267297498
4,6,4,0=-0.0020679348112
4,6,4,1=-0.00436208593762
4,6,4,2=0.000204302410774
4,6,4,3=0.000467014421666
4,6,4,4=-0.0833562987892
5,6,4,0=-0.00220025585324
5,6,4,1=0.000596845373296
5,6,4,2=0.0455031446434
5,6,4,3=-0.004688146472
5,6,4,4=-0.00289085101148
5,6,4,5=0.000646292051707
6,6,4,4=0.074431074262
6,6,4,5=-0.00658304634173
6,6,4,6=0.0931909991136
0,6,5,0=0.00321908034861
1,6,5,0=0.000929018051976
1,6,5,1=0.0246196885608
2,6,5,0=-0.00151638258125
2,6,5,1=-0.00244266253874
2,6,5,2=0.0161544358489
3,6,5,0=-0.0067689064037
3,6,5,1=-0.00156714995398
3,6,5,2=-0.00914183878468
3,6,5,3=0.0204666636224
4,6,5,0=0.00101546071216
4,6,5,1=-0.00115674264258
4,6,5,2=0.00718107200666
4,6,5,3=-0.00139669597129
4,6,5,4=0.00274281188897
5,6,5,0=-0.000387983516705
5,6,5,1=0.00181875984051
5,6,5,2=-0.00169005776787
5,6,5,3=-0.00416273091117
5,6,5,4=-0.000229220634928
5,6,5,5=0.0162499590064
6,6,5,5=0.0163747640363
6,6,5,6=-0.0167566660651
0,6,6,0=0.316868409747
1,6,6,0=0.00496785693641
1,6,6,1=0.222819303569
2,6,6,0=-0.000202133662959
2,6,6,1=-0.000384728350772
2,6,6,2=0.265473970578
3,6,6,0=-0.0113789639445
3,6,6,1=-0.00883021786764
3,6,6,2=0.000791747873967
3,6,6,3=0.327130868673
4,6,6,0=-0.0017803076818
4,6,6,1=-0.00450086733755
4,6,6,2=0.000753836593733
4,6,6,3=-0.000212055456642
4,6,6,4=0.215413925669
5,6,6,0=0.00382819373559
5,6,6,1=0.00729953739365
5,6,6,2=0.0496508777866
5,6,6,3=-0.0105054826032
5,6,6,4=-0.00314904689728
5,6,6,5=0.27303198342
6,6,6,6=0.462110722312
0,7,0,0=0.0252097219612
1,7,0,0=-0.0025175834931
1,7,0,1=-0.0273812966385
2,7,0,0=0.00604873597155
2,7,0,1=0.00180036962981
2,7,0,2=-0.0186475518228
3,7,0,0=0.0208159991969
3,7,0,1=0.000989819113916
3,7,0,2=0.00352113078812
3,7,0,3=-0.0170574754915
4,7,0,0=-0.00274205214675
4,7,0,1=0.000142798057305
4,7,0,2=-0.00179311253847
4,7,0,3=0.00155522403008
4,7,0,4=-0.00910031525099
5,7,0,0=-0.00511665895377
5,7,0,1=-0.00744946911813
5,7,0,2=0.00343419528755
5,7,0,3=0.00851720677811
5,7,0,4=-0.00176561664887
5,7,0,5=-0.0178595928998
6,7,0,0=-0.00482667376709
6,7,0,1=-0.0018142281902
6,7,0,2=-0.00217050129184
6,7,0,3=0.00317271103245
6,7,0,4=0.00213377482275
6,7,0,5=-0.00635857639309
6,7,0,6=-0.00481690822938
7,7,0,0=0.0179242265518
7,7,0,1=0.00584290473959
7,7,0,2=0.00265813411148
7,7,0,3=-0.00196260314252
7,7,0,4=0.00136594873425
7,7,0,5=0.0113388709497
7,7,0,6=-0.000695211044722
7,7,0,7=-0.018953997683
0,7,1,0=0.00100638854111
1,7,1,0=-0.00407948342287
1,7,1,1=0.00128149549617
2,7,1,0=0.00056449525432
2,7,1,1=-0.0143389279999
2,7,1,2=0.000694960152671
3,7,1,0=0.0053422422147
3,7,1,1=-0.00166086664354
3,7,1,2=-0.000767111995864
3,7,1,3=0.00490810060061
4,7,1,0=-0.000783934292294
4,7,1,1=-0.0035728938758
4,7,1,2=0.00560707757461
4,7,1,3=0.00111659184583
4,7,1,4=0.00476509990332
5,7,1,0=-0.00704448043495
5,7,1,1=-0.0199008802151
5,7,1,2=-0.000129943819907
5,7,1,3=0.0147448334063
5,7,1,4=-0.00699897861989
5,7,1,5=0.000655480466895
6,7,1,0=-0.00213438182393
6,7,1,1=-0.00518411276546
6,7,1,2=-0.00291745347784
6,7,1,3=0.00319644979665
6,7,1,4=-0.000415565942758
6,7,1,5=0.00308985138964
6,7,1,6=-0.00722864041056
7,7,1,1=0.0365293116124
7,7,1,2=-0.000229286059236
7,7,1,3=-0.0104994891046
7,7,1,4=-0.00451933142978
7,7,1,5=-0.000311376043967
7,7,1,6=0.000830716229104
7,7,1,7=0.000620259290004
0,7,2,0=0.0695567219539
1,7,2,0=0.00758719114165
1,7,2,1=-0.0617760205799
2,7,2,0=-0.00147655912135
2,7,2,1=0.000141660106213
2,7,2,2=-0.00066888143682
3,7,2,0=0.00731158189104
3,7,2,1=-0.0191682584465
3,7,2,2=-0.000746585974364
3,7,2,3=0.0669023116964
4,7,2,0=-0.0034936848722
4,7,2,1=0.00466928712026
4,7,2,2=-0.00102018812133
4,7,2,3=0.000860215682556
4,7,2,4=-0.0633777066091
5,7,2,0=-0.00366862088959
5,7,2,1=0.000163419221011
5,7,2,2=0.046133397489
5,7,2,3=-0.00155510434101
5,7,2,4=-0.000182691330604
5,7,2,5=0.00172359611247
6,7,2,0=-0.00260877779445
6,7,2,1=-0.00503895779948
6,7,2,2=-0.00174957394271
6,7,2,3=-0.00823234504792
6,7,2,4=0.0455886841935
6,7,2,5=-0.00193683279457
6,7,2,6=0.0499004302508
7,7,2,2=0.0590539848835
7,7,2,3=0.000847237252259
7,7,2,4=0.000252846806357
7,7,2,5=0.000686205770872
7,7,2,6=0.0023016278883
7,7,2,7=0.00197438800294
0,7,3,0=0.00429106398354
1,7,3,0=0.00194210282051
1,7,3,1=-0.0105556853262
2,7,3,0=0.000921148683205
2,7,3,1=-0.00862818423068
2,7,3,2=-0.00724410676713
3,7,3,0=-0.00381321556726
3,7,3,1=0.001809794869
3,7,3,2=0.0175599203262
3,7,3,3=-0.0153642677281
4,7,3,0=0.000664153592697
4,7,3,1=0.00140407657977
4,7,3,2=0.000286854468681
4,7,3,3=-0.00195664544719
4,7,3,4=-0.00250063683164
5,7,3,0=0.00789841141437
5,7,3,1=0.0146572621821
5,7,3,2=0.001293857023
5,7,3,3=-0.00311755679496
5,7,3,4=-0.00469765109081
5,7,3,5=-0.00702084851002
6,7,3,0=0.00252684071371
6,7,3,1=0.00192066965611
6,7,3,2=-0.00709456483754
6,7,3,3=-0.00530423904789
6,7,3,4=0.00501533836828
6,7,3,5=-0.00782207019902
6,7,3,6=0.0106671264054
7,7,3,3=0.029776422669
7,7,3,4=-0.00390811784718
7,7,3,5=0.00425135031523
7,7,3,6=-0.00327969526369
7,7,3,7=-0.0075750666291
0,7,4,0=-0.00375691278041
1,7,4,0=-0.000760977543766
1,7,4,1=-0.0137400531264
2,7,4,0=-0.00109930732154
2,7,4,1=0.0104252935892
2,7,4,2=-0.00939658063364
3,7,4,0=0.0034744187703
3,7,4,1=0.000687141674063
3,7,4,2=-0.00198691733449
3,7,4,3=-0.0115711442853
4,7,4,0=-0.000626604535825
4,7,4,1=0.00134133654425
4,7,4,2=-0.0118471343009
4,7,4,3=0.000958618691282
4,7,4,4=0.00645247296275
5,7,4,0=-0.0018429739646
5,7,4,1=-0.00804805058052
5,7,4,2=0.000193149345707
5,7,4,3=-0.00475383892432
5,7,4,4=0.0111851326641
5,7,4,5=-0.00915319594314
6,7,4,0=-0.000678920291723
6,7,4,1=-0.000485012824942
6,7,4,2=0.00817033148983
6,7,4,3=0.00134689122163
6,7,4,4=0.0028041358624
6,7,4,5=-0.00338113232457
6,7,4,6=0.00263108314207
7,7,4,4=0.0180653725514
7,7,4,5=0.00583387202642
7,7,4,6=-0.000243004296564
7,7,4,7=-0.00947337779339
0,7,5,0=0.00893003414033
1,7,5,0=-0.00743857228236
1,7,5,1=-0.064410083943
2,7,5,0=0.000506206921222
2,7,5,1=4.53094987298e-05
2,7,5,2=-0.0282563576914
3,7,5,0=0.0269695861906
3,7,5,1=0.0132250314095
3,7,5,2=9.23462443881e-05
3,7,5,3=-0.0419113595992
4,7,5,0=-0.00359438433557
4,7,5,1=-0.000958481545144
4,7,5,2=5.73588323749e-05
4,7,5,3=-0.000458793892655
4,7,5,4=0.0296923814324
5,7,5,0=-0.0113692615937
5,7,5,1=0.000381800517288
5,7,5,2=0.000609882236743
5,7,5,3=-0.00474910151297
5,7,5,4=-0.00573328434527
5,7,5,5=-0.035759602788
6,7,5,0=-0.00782135135495
6,7,5,1=0.000357286350987
6,7,5,2=0.000700114046338
6,7,5,3=-0.00412313887122
6,7,5,4=-0.00284980924456
6,7,5,5=-0.0113893884852
6,7,5,6=0.0239601079619
7,7,5,5=0.0759567409179
7,7,5,6=0.0118635458204
7,7,5,7=-0.0398080580692
0,7,6,0=-0.00381417123393
1,7,6,0=-0.000817409044195
1,7,6,1=-0.0270486764755
2,7,6,0=-0.00124192429306
2,7,6,1=-0.00246398830629
2,7,6,2=-0.0180776819355
3,7,6,0=0.00699460430654
3,7,6,1=0.0015708761025
3,7,6,2=-0.00882534989318
3,7,6,3=-0.0223791052462
4,7,6,0=-0.000902248470281
4,7,6,1=0.00134057072084
4,7,6,2=0.00764368317868
4,7,6,3=0.00165535383873
4,7,6,4=-0.00410262514401
5,7,6,0=-0.00610025066756
5,7,6,1=0.00398850597528
5,7,6,2=0.0025666891415
5,7,6,3=-0.00863849528046
5,7,6,4=-0.00335442836298
5,7,6,5=-0.0175646039848
6,7,6,0=-0.00125829264975
6,7,6,1=-0.0012268665752
6,7,6,2=0.00676321183008
6,7,6,3=0.00271201718372
6,7,6,4=0.00762267215069
6,7,6,5=0.00527033998391
6,7,6,6=0.0187325044814
7,7,6,6=0.0175085181267
7,7,6,7=-0.0180820357404
0,7,7,0=0.292949583262
1,7,7,0=0.00400772986767
1,7,7,1=0.411069976472
2,7,7,0=-0.00134337587051
2,7,7,1=-2.52334026055e-05
2,7,7,2=0.363678201448
3,7,7,0=-0.0395092425285
3,7,7,1=-0.0042624202893
3,7,7,2=-0.000868425120681
3,7,7,3=0.399846120423
4,7,7,0=0.00416608421971
4,7,7,1=-0.0137871612483
4,7,7,2=2.93358615746e-05
4,7,7,3=-0.00812907302101
4,7,7,4=0.271887964209
5,7,7,0=0.0172060404748
5,7,7,1=-0.000573573461272
5,7,7,2=0.00195031962338
5,7,7,3=0.00669655280979
5,7,7,4=0.00840329428574
5,7,7,5=0.365488998387
6,7,7,0=0.0029072710527
6,7,7,1=0.00672931950293
6,7,7,2=-0.000671528817245
6,7,7,3=-0.00896341442313
6,7,7,4=0.000740697973974
6,7,7,5=0.0170754430831
6,7,7,6=0.275703121515
7,7,7,7=0.374080806075
0,8,0,0=-0.00228458126165
1,8,0,0=0.000261600766271
1,8,0,1=0.00229673806057
2,8,0,0=0.00221070141423
2,8,0,1=-0.00965697593321
2,8,0,2=0.00189885513891
3,8,0,0=-0.0020774695081
3,8,0,1=-0.000115395831976
3,8,0,2=0.0139166231246
3,8,0,3=0.00167949330543
4,8,0,0=0.000148518630178
4,8,0,1=-5.63831950517e-05
4,8,0,2=-0.000350244850279
4,8,0,3=-0.000229070414301
4,8,0,4=0.000986030466506
5,8,0,0=0.00670777874371
5,8,0,1=0.0017747136085
5,8,0,2=-0.0012130114883
5,8,0,3=0.00819523004486
5,8,0,4=-0.00310299875583
5,8,0,5=0.00140497874442
6,8,0,0=0.000406892377168
6,8,0,1=0.000123688861976
6,8,0,2=-0.00514452728056
6,8,0,3=-0.000528961276529
6,8,0,4=-5.60718394031e-05
6,8,0,5=-0.00415092645998
6,8,0,6=0.000648090270036
7,8,0,0=0.00531727431384
7,8,0,1=0.00145202210975
7,8,0,2=0.000656445003649
7,8,0,3=0.00780024231147
7,8,0,4=-0.00334023935388
7,8,0,5=-0.00100026440923
7,8,0,6=-0.00478810948517
7,8,0,7=0.00149179803758
8,8,0,0=0.0121146175265
8,8,0,1=0.00705528700338
8,8,0,2=-0.00123040460204
8,8,0,3=-0.00211663484746
8,8,0,4=-1.92541551844e-05
8,8,0,5=0.000563339386867
8,8,0,6=-0.00650257509416
8,8,0,7=-0.00152896904267
8,8,0,8=0.00194495355352
0,8,1,0=3.53178589521e-05
1,8,1,0=0.000141469743516
1,8,1,1=-0.000194852605461
2,8,1,0=-0.00634838775271
2,8,1,1=-0.0232051683642
2,8,1,2=5.26477319789e-06
3,8,1,0=-0.000343366546289
3,8,1,1=0.000154235444777
3,8,1,2=0.0161863159456
3,8,1,3=-0.000500872307443
4,8,1,0=5.20593751848e-05
4,8,1,1=-0.000231438769722
4,8,1,2=-0.00332090445587
4,8,1,3=-0.000135029538028
4,8,1,4=0.000632284291188
5,8,1,0=-1.05861297548e-05
5,8,1,1=-0.00065601477781
5,8,1,2=9.82587156534e-05
5,8,1,3=0.00369663444141
5,8,1,4=0.00162650297776
5,8,1,5=-7.01402143417e-05
6,8,1,0=0.000167397714196
6,8,1,1=-2.98221170333e-05
6,8,1,2=8.58183931427e-05
6,8,1,3=-0.000400678812693
6,8,1,4=0.000330504787858
6,8,1,5=-0.00246492819574
6,8,1,6=0.000211272429377
7,8,1,0=0.000152774762011
7,8,1,1=0.000773666127811
7,8,1,2=-4.16091485562e-05
7,8,1,3=0.00334842510795
7,8,1,4=0.00192903808895
7,8,1,5=8.35701560955e-05
7,8,1,6=-0.00243228638402
7,8,1,7=-0.000108952588089
8,8,1,1=0.0288826316935
8,8,1,2=8.41981526579e-05
8,8,1,3=-0.0109434048346
8,8,1,4=-0.002324503781
8,8,1,5=-4.31855076516e-05
8,8,1,6=-0.00115985669847
8,8,1,7=-2.88165319204e-06
8,8,1,8=-8.52853388207e-05
0,8,2,0=0.0121722597276
1,8,2,0=-0.00895971230863
1,8,2,1=-0.0789846331025
2,8,2,0=0.00115822495947
2,8,2,1=8.89753319422e-05
2,8,2,2=-0.055119999301
3,8,2,0=0.0342233788062
3,8,2,1=0.0157713664897
3,8,2,2=0.000457135663219
3,8,2,3=-0.0553699848265
4,8,2,0=-0.00385317517061
4,8,2,1=-0.000497805556849
4,8,2,2=4.74593276757e-05
4,8,2,3=0.000128379142987
4,8,2,4=0.0367414060865
5,8,2,0=-0.0114554764882
5,8,2,1=0.000352951665397
5,8,2,2=-0.000772255319791
5,8,2,3=-0.00463514412045
5,8,2,4=-0.00572191208365
5,8,2,5=-0.0339511180201
6,8,2,0=-0.00788332556866
6,8,2,1=0.00013582765848
6,8,2,2=0.00103307053841
6,8,2,3=-0.00337371892587
6,8,2,4=-0.00379566553447
6,8,2,5=-0.0113997980168
6,8,2,6=0.0282122161157
7,8,2,0=0.011999906679
7,8,2,1=-0.000316959217253
7,8,2,2=-0.000674700225426
7,8,2,3=0.00448651804908
7,8,2,4=0.00596618260458
7,8,2,5=0.0717030996079
7,8,2,6=0.0119864247118
7,8,2,7=-0.0375163890741
8,8,2,2=0.0980060743975
8,8,2,3=-0.000588998450209
8,8,2,4=-0.000107676536529
8,8,2,5=-0.000222994106527
8,8,2,6=-0.00115862236393
8,8,2,7=-6.877014074e-05
8,8,2,8=-0.0562286634529
0,8,3,0=-0.000416927639549
1,8,3,0=-0.000228410112787
1,8,3,1=0.0012553209705
2,8,3,0=0.00858549626165
2,8,3,1=0.0150912611191
2,8,3,2=0.000771907132423
3,8,3,0=0.000521742667076
3,8,3,1=-0.000215964982413
3,8,3,2=-0.00556661630546
3,8,3,3=0.00159252061225
4,8,3,0=-0.000138545529335
4,8,3,1=-6.4700027546e-05
4,8,3,2=-0.00329829364328
4,8,3,3=0.000129377220906
4,8,3,4=0.000363788915601
5,8,3,0=0.00459696465018
5,8,3,1=-0.00336522049505
5,8,3,2=-0.000664197741827
5,8,3,3=0.00449926775743
5,8,3,4=0.00106300056544
5,8,3,5=0.000655945152186
6,8,3,0=-0.000397879917547
6,8,3,1=-0.000175466448312
6,8,3,2=-0.00358573254044
6,8,3,3=0.000583838701543
6,8,3,4=-0.000676697467768
6,8,3,5=-0.00514320410583
6,8,3,6=-0.00140207633847
7,8,3,0=0.0048787875258
7,8,3,1=-0.00200785285014
7,8,3,2=2.92033104857e-05
7,8,3,3=0.0029709878479
7,8,3,4=0.000889431603415
7,8,3,5=-0.000574420855752
7,8,3,6=-0.0056496868313
7,8,3,7=0.000517384372181
8,8,3,3=0.0204858152426
8,8,3,4=-0.00450101467061
8,8,3,5=0.000119848895469
8,8,3,6=-0.00322798392777
8,8,3,7=-0.000757056792615
8,8,3,8=0.000899680061025
0,8,4,0=-0.00108525873981
1,8,4,0=3.56274320476e-05
1,8,4,1=0.000514768787923
2,8,4,0=-0.000551071819092
2,8,4,1=-0.0106759794569
2,8,4,2=7.05953283994e-05
3,8,4,0=-0.000357793783667
3,8,4,1=0.000159779070053
3,8,4,2=-0.00300369973195
3,8,4,3=-0.000553283854345
4,8,4,0=0.000160804650326
4,8,4,1=7.82977247601e-05
4,8,4,2=0.0150279398534
4,8,4,3=1.18927771914e-05
4,8,4,4=0.00207706311616
5,8,4,0=-0.00206889233198
5,8,4,1=0.00701273444015
5,8,4,2=-0.00114907433812
5,8,4,3=0.000176024556914
5,8,4,4=-0.0140722016071
5,8,4,5=-3.817438467e-05
6,8,4,0=0.00018933772487
6,8,4,1=7.17874936009e-05
6,8,4,2=-0.00278974809284
6,8,4,3=-7.6994403341e-05
6,8,4,4=-0.000708418056151
6,8,4,5=0.00894988664755
6,8,4,6=-0.00177636519997
7,8,4,0=-0.00242086950094
7,8,4,1=0.0062181991511
7,8,4,2=-0.00015769494178
7,8,4,3=0.000262608679339
7,8,4,4=-0.0138144011757
7,8,4,5=-4.74562088852e-05
7,8,4,6=0.00858041370444
7,8,4,7=0.000123601522955
8,8,4,4=0.0185879824824
8,8,4,5=-0.000406760983209
8,8,4,6=-0.00315837569847
8,8,4,7=-0.0011984497966
8,8,4,8=1.97635366296e-05
0,8,5,0=0.0720337346926
1,8,5,0=0.00632316254046
1,8,5,1=-0.0511887507901
2,8,5,0=-0.0012099287987
2,8,5,1=9.51640566635e-05
2,8,5,2=-0.00066048232038
3,8,5,0=0.0118900776084
3,8,5,1=-0.0157783233272
3,8,5,2=-0.000503127794587
3,8,5,3=0.0575614959386
4,8,5,0=-0.00412395519768
4,8,5,1=0.00325167272349
4,8,5,2=-0.000965511041888
4,8,5,3=0.000626899820264
4,8,5,4=-0.0672908659993
5,8,5,0=-0.00430161659045
5,8,5,1=0.0001053299592
5,8,5,2=0.0451086052621
5,8,5,3=-0.001599285871
5,8,5,4=-0.000301317817722
5,8,5,5=0.00185641875268
6,8,5,0=-0.00463996799703
6,8,5,1=-0.00446045313761
6,8,5,2=-0.00171422103716
6,8,5,3=-0.0076251287058
6,8,5,4=0.0482807165364
6,8,5,5=-0.0025891109923
6,8,5,6=0.0524207765452
7,8,5,0=0.00350546121532
7,8,5,1=-0.000112032080065
7,8,5,2=0.0578980824369
7,8,5,3=0.00125199330652
7,8,5,4=0.000228595428488
7,8,5,5=0.000981392117832
7,8,5,6=0.00256244961374
7,8,5,7=0.0020823882689
8,8,5,5=0.0614520674587
8,8,5,6=-0.000552581627561
8,8,5,7=0.0464839317558
8,8,5,8=0.000332633985071
0,8,6,0=-0.00144170785584
1,8,6,0=-2.60349138588e-05
1,8,6,1=0.00250472080421
2,8,6,0=-0.00253558284826
2,8,6,1=0.00690486879147
2,8,6,2=0.00137150283407
3,8,6,0=-0.000885663812438
3,8,6,1=1.9821430624e-05
3,8,6,2=-0.00934221474802
3,8,6,3=0.000812519121075
4,8,6,0=0.000228586798504
4,8,6,1=4.48705970643e-05
4,8,6,2=-0.00268792820864
4,8,6,3=-5.6618116892e-05
4,8,6,4=0.0013080460255
5,8,6,0=-0.00287863173532
5,8,6,1=-0.00319593290528
5,8,6,2=-0.00210100498109
5,8,6,3=-0.00847053489957
5,8,6,4=0.00960270211006
5,8,6,5=0.000859062641804
6,8,6,0=0.000382990395794
6,8,6,1=0.00012166670592
6,8,6,2=0.0113849629708
6,8,6,3=-1.83912934572e-05
6,8,6,4=-0.0022800111991
6,8,6,5=0.00782240366197
6,8,6,6=-0.00323342665643
7,8,6,0=-0.00388979231868
7,8,6,1=-0.00305709896503
7,8,6,2=-6.14790882478e-06
7,8,6,3=-0.0083493717727
7,8,6,4=0.0090964489053
7,8,6,5=-0.000726322364334
7,8,6,6=0.00682419338894
7,8,6,7=0.00154436272098
8,8,6,6=0.0142817472437
8,8,6,7=-0.0020848490371
8,8,6,8=0.00123651462961
0,8,7,0=0.0695906272769
1,8,7,0=0.00610945760256
1,8,7,1=-0.0495240192987
2,8,7,0=0.00179329920927
2,8,7,1=2.01517588764e-05
2,8,7,2=-0.000726590574907
3,8,7,0=0.011679985004
3,8,7,1=-0.0151802187986
3,8,7,2=0.000498907195117
3,8,7,3=0.0554664423446
4,8,7,0=-0.00419955222008
4,8,7,1=0.00319766786677
4,8,7,2=0.000656021295671
4,8,7,3=0.000551071155835
4,8,7,4=-0.0657405654764
5,8,7,0=-0.00365091235334
5,8,7,1=0.00011403936022
5,8,7,2=0.057906278445
5,8,7,3=-0.00151890461852
5,8,7,4=-0.000215148746806
5,8,7,5=0.00172738175464
6,8,7,0=-0.00500775534102
6,8,7,1=-0.00434087691984
6,8,7,2=0.00156797279621
6,8,7,3=-0.00765473586339
6,8,7,4=0.0470354367549
6,8,7,5=-0.00197588584534
6,8,7,6=0.0507704656024
7,8,7,0=0.00416978860018
7,8,7,1=-0.000144424471795
7,8,7,2=0.0433180760409
7,8,7,3=0.00140882926603
7,8,7,4=0.000339767074442
7,8,7,5=0.00110438525764
7,8,7,6=0.00336596660586
7,8,7,7=0.00189229382039
8,8,7,7=0.0613424945181
8,8,7,8=0.000165194933178
0,8,8,0=0.300267999079
1,8,8,0=0.00472548772175
1,8,8,1=0.43817769302
2,8,8,0=-0.00156069721808
2,8,8,1=-1.47328697574e-05
2,8,8,2=0.401172215973
3,8,8,0=-0.0452691591088
3,8,8,1=-0.00471309405067
3,8,8,2=-0.000614386523202
3,8,8,3=0.420158292639
4,8,8,0=0.00369275901006
4,8,8,1=-0.0143582047216
4,8,8,2=-9.32188022391e-05
4,8,8,3=-0.00912929557345
4,8,8,4=0.286719918194
5,8,8,0=0.0173760525499
5,8,8,1=-0.000650613600041
5,8,8,2=0.000231408746832
5,8,8,3=0.00705701740552
5,8,8,4=0.00789449009773
5,8,8,5=0.377176076781
6,8,8,0=0.000389601092102
6,8,8,1=0.00703305920611
6,8,8,2=-0.00135341717452
6,8,8,3=-0.0100984638819
6,8,8,4=-0.00223792240959
6,8,8,5=0.0160888935048
6,8,8,6=0.283904904605
7,8,8,0=-0.019089032888
7,8,8,1=0.000656344293153
7,8,8,2=0.000266354230783
7,8,8,3=-0.00736999675275
7,8,8,4=-0.0095815632081
7,8,8,5=-0.0284915476099
7,8,8,6=-0.018375698487
7,8,8,7=0.384461082045
8,8,8,8=0.433224445669
0,9,0,0=-0.0230088322143
1,9,0,0=0.00198638867904
1,9,0,1=0.0533282370553
2,9,0,0=-0.00108156290233
2,9,0,1=-0.000254144823785
2,9,0,2=0.0415745474093
3,9,0,0=-0.018017905718
3,9,0,1=-0.000816399876477
3,9,0,2=-0.000508009624234
3,9,0,3=0.0445143696733
4,9,0,0=0.00176747157906
4,9,0,1=-0.00206941747867
4,9,0,2=7.1229592552e-05
4,9,0,3=-0.000990106067806
4,9,0,4=0.0231142869635
5,9,0,0=0.013123703311
5,9,0,1=0.00293162310538
5,9,0,2=-0.00208988013444
5,9,0,3=0.00220620731534
5,9,0,4=0.00183630934196
5,9,0,5=0.0378029414694
6,9,0,0=-0.000290519821137
6,9,0,1=0.00198531584832
6,9,0,2=-0.000174476650114
6,9,0,3=-0.000180560057184
6,9,0,4=-0.0046371439251
6,9,0,5=0.004099104036
6,9,0,6=0.0120185573714
7,9,0,0=-0.0147490562489
7,9,0,1=-0.00288963855824
7,9,0,2=-0.00239069946512
7,9,0,3=-0.00282829497351
7,9,0,4=-0.00217770241354
7,9,0,5=-0.00909114679568
7,9,0,6=-0.00417778796253
7,9,0,7=0.0391589763896
8,9,0,0=0.00104125973429
8,9,0,1=7.97835245464e-05
8,9,0,2=-0.0132739813296
8,9,0,3=0.000160064362034
8,9,0,4=0.000139750073317
8,9,0,5=-0.00246518040929
8,9,0,6=0.000520185330297
8,9,0,7=-0.00190066014963
8,9,0,8=0.0471030648692
9,9,0,0=0.0413580911891
9,9,0,1=0.00398538333711
9,9,0,2=0.000136271689839
9,9,0,3=0.000557047079608
9,9,0,4=0.00230848716377
9,9,0,5=-0.00396046405306
9,9,0,6=-0.0019086428095
9,9,0,7=0.00396056721864
9,9,0,8=-0.000568442779247
9,9,0,9=0.0305994360284
0,9,1,0=0.0274364714426
1,9,1,0=0.0117395623288
1,9,1,1=-0.0134281180027
2,9,1,0=-0.000368097649681
2,9,1,1=0.0002995670707
2,9,1,2=0.0225729517842
3,9,1,0=-0.0118227370152
3,9,1,1=-0.0256975184314
3,9,1,2=-0.000207386787046
3,9,1,3=0.0556046782954
4,9,1,0=-0.00059953241851
4,9,1,1=0.00764138875065
4,9,1,2=-0.000225328250363
4,9,1,3=0.00183390095858
4,9,1,4=-0.0506299939388
5,9,1,0=0.00455020194457
5,9,1,1=-0.00308237646027
5,9,1,2=0.0275361887724
5,9,1,3=0.00316741037898
5,9,1,4=0.00308785369042
5,9,1,5=0.0214989344665
6,9,1,0=0.00236429996708
6,9,1,1=-0.00633994931998
6,9,1,2=-0.000634765850739
6,9,1,3=-0.00244299042789
6,9,1,4=0.0242664073732
6,9,1,5=0.00576383911982
6,9,1,6=0.00797781989952
7,9,1,0=-0.0048197503449
7,9,1,1=0.00293880194593
7,9,1,2=0.0271549189056
7,9,1,3=-0.00322015328833
7,9,1,4=-0.00308719376706
7,9,1,5=-0.0453732567365
7,9,1,6=-0.00587664944866
7,9,1,7=0.0246375965941
8,9,1,0=0.000448775175391
8,9,1,1=-0.000199738067133
8,9,1,2=-0.0525279599342
8,9,1,3=0.000339084460615
8,9,1,4=-0.000316532607571
8,9,1,5=0.0268714004352
8,9,1,6=5.12874780057e-05
8,9,1,7=0.026169759116
8,9,1,8=0.0282420591975
9,9,1,1=0.0628468572056
9,9,1,2=0.000411003114578
9,9,1,3=-0.000664071040285
9,9,1,4=-0.00294825877058
9,9,1,5=-0.00453612809473
9,9,1,6=-0.000650107637429
9,9,1,7=0.00453218072027
9,9,1,8=-0.000154820298944
9,9,1,9=0.0198756212911
0,9,2,0=-0.000643491578652
1,9,2,0=-0.000108815316836
1,9,2,1=0.000636413347243
2,9,2,0=0.00817959678228
2,9,2,1=0.0102854463653
2,9,2,2=0.000415986919503
3,9,2,0=-0.000199103625332
3,9,2,1=-0.000161853736073
3,9,2,2=-0.00377992860208
3,9,2,3=0.00074005304352
4,9,2,0=-3.67313173999e-05
4,9,2,1=-2.62688590231e-05
4,9,2,2=0.00292195135192
4,9,2,3=-1.96635114553e-05
4,9,2,4=-3.63034690273e-05
5,9,2,0=0.00327718362607
5,9,2,1=0.00318581992849
5,9,2,2=-0.000304945219227
5,9,2,3=0.00739665538864
5,9,2,4=-0.00525593506099
5,9,2,5=0.000563038862196
6,9,2,0=-9.8070817676e-05
6,9,2,1=-0.000166354706261
6,9,2,2=-0.00670312740806
6,9,2,3=0.000102823454877
6,9,2,4=0.000410142462453
6,9,2,5=-0.0030403612626
6,9,2,6=0.000657868570441
7,9,2,0=0.00296464287767
7,9,2,1=0.00312314454994
7,9,2,2=0.000475210563806
7,9,2,3=0.00726761490689
7,9,2,4=-0.00524784546572
7,9,2,5=-0.000360720865284
7,9,2,6=-0.00310799925604
7,9,2,7=4.79083717238e-05
8,9,2,0=-0.000952445881823
8,9,2,1=-0.0201545428726
8,9,2,2=-0.000320650698228
8,9,2,3=0.0173823197453
8,9,2,4=0.00203337154662
8,9,2,5=0.000779942173679
8,9,2,6=-0.00620568580166
8,9,2,7=-0.000443430113135
8,9,2,8=0.000535346827707
9,9,2,2=0.0253801973873
9,9,2,3=-2.15781290328e-05
9,9,2,4=-5.42817204014e-05
9,9,2,5=0.00397942204972
9,9,2,6=-0.000288527434936
9,9,2,7=0.00421366474445
9,9,2,8=-0.00596891802142
9,9,2,9=0.00044318451535
0,9,3,0=0.0591968318256
1,9,3,0=0.00165840785294
1,9,3,1=-0.0706215315975
2,9,3,0=0.000301215237293
2,9,3,1=-8.02563604139e-05
2,9,3,2=-0.0101014652548
3,9,3,0=0.0197120360155
3,9,3,1=-0.00695453239412
3,9,3,2=5.6391816329e-05
3,9,3,3=0.0619037252885
4,9,3,0=-0.00289751837742
4,9,3,1=0.00350635031359
4,9,3,2=-0.000183209429814
4,9,3,3=0.00117494712938
4,9,3,4=-0.02572553645
5,9,3,0=-0.00516803554069
5,9,3,1=0.00140246831752
5,9,3,2=0.0411201479789
5,9,3,3=-0.00179025845874
5,9,3,4=-0.00261874144643
5,9,3,5=-0.00703222909841
6,9,3,0=-0.00170590849672
6,9,3,1=-0.00347980107937
6,9,3,2=6.30016879176e-05
6,9,3,3=-0.0100069323726
6,9,3,4=0.0310428525094
6,9,3,5=-0.00615238175928
6,9,3,6=0.052167869054
7,9,3,0=0.00486288028748
7,9,3,1=-0.00136944680859
7,9,3,2=0.0407109658384
7,9,3,3=0.00146710737131
7,9,3,4=0.00250318925311
7,9,3,5=0.039522205965
7,9,3,6=0.00657013929544
7,9,3,7=-0.00914713623514
8,9,3,0=-0.000506829666786
8,9,3,1=0.000108986876185
8,9,3,2=0.0432451271151
8,9,3,3=-0.000290725076389
8,9,3,4=-0.000536976706304
8,9,3,5=0.0417597053681
8,9,3,6=-0.00129696447847
8,9,3,7=0.0412027385005
8,9,3,8=-0.0120958248073
9,9,3,3=0.0840110155695
9,9,3,4=-0.00288945193615
9,9,3,5=0.00484846841378
9,9,3,6=-0.00153656933558
9,9,3,7=-0.00528428717494
9,9,3,8=0.000520683442298
9,9,3,9=0.0217665151981
0,9,4,0=0.00758209614353
1,9,4,0=-0.000887484556989
1,9,4,1=0.0259546813803
2,9,4,0=-7.5753373202e-05
2,9,4,1=-6.813142936e-05
2,9,4,2=0.0131597181749
3,9,4,0=-0.00164703281284
3,9,4,1=0.00279494499127
3,9,4,2=-0.000194230802063
3,9,4,3=0.0106110641331
4,9,4,0=0.00119205193548
4,9,4,1=-0.00830923971002
4,9,4,2=0.000151613079383
4,9,4,3=-0.00189739629916
4,9,4,4=-0.0123688786574
5,9,4,0=0.00109085870099
5,9,4,1=0.00113783234089
5,9,4,2=-0.00273002828504
5,9,4,3=-0.000953791274646
5,9,4,4=0.00102012511194
5,9,4,5=0.0115387264912
6,9,4,0=-0.000175000713981
6,9,4,1=0.00338449860952
6,9,4,2=0.000279297032792
6,9,4,3=0.00243992881789
6,9,4,4=0.00891657111748
6,9,4,5=0.000276435817691
6,9,4,6=0.0104362391129
7,9,4,0=-0.00120895988335
7,9,4,1=-0.00114678007933
7,9,4,2=-0.00237040740301
7,9,4,3=0.000753514594577
7,9,4,4=-0.000946221649544
7,9,4,5=-0.0023320869044
7,9,4,6=-0.000111241878434
7,9,4,7=0.0116255042177
8,9,4,0=-1.59797135583e-06
8,9,4,1=1.7022072946e-05
8,9,4,2=-0.00327457697584
8,9,4,3=-0.000101197281696
8,9,4,4=-0.000185100122945
8,9,4,5=-0.00136820270015
8,9,4,6=1.49234972137e-05
8,9,4,7=-0.00148461586494
8,9,4,8=0.0125669453294
9,9,4,4=0.00855168798765
9,9,4,5=0.000706190521172
9,9,4,6=-0.00112773912451
9,9,4,7=-0.00100862823051
9,9,4,8=-0.000159633675172
9,9,4,9=0.0143262073331
0,9,5,0=0.0118738386274
1,9,5,0=0.00265832034783
1,9,5,1=-0.0136168789689
2,9,5,0=0.00210587593456
2,9,5,1=0.00556973831928
2,9,5,2=-0.00732108254963
3,9,5,0=0.00179630123918
3,9,5,1=0.00126269977279
3,9,5,2=0.0120148860927
3,9,5,3=-0.00784687441802
4,9,5,0=0.000102516976861
4,9,5,1=0.00232086809636
4,9,5,2=-0.00606349216924
4,9,5,3=-0.00130662355969
4,9,5,4=-0.00397359068121
5,9,5,0=0.00735113526141
5,9,5,1=0.0136957694216
5,9,5,2=0.00218415234184
5,9,5,3=-0.00590065583622
5,9,5,4=0.00249281899767
5,9,5,5=-0.00726959483367
6,9,5,0=0.00108253605312
6,9,5,1=0.00304868713244
6,9,5,2=-0.00337699463883
6,9,5,3=-0.00397247195983
6,9,5,4=0.00139525945771
6,9,5,5=-0.00874341626116
6,9,5,6=-0.00024030478208
7,9,5,0=0.000806647905766
7,9,5,1=-0.0245901131023
7,9,5,2=0.00168481101524
7,9,5,3=0.0221907455583
7,9,5,4=0.0027100121319
7,9,5,5=0.00518491983975
7,9,5,6=-0.00611776017794
7,9,5,7=-0.00798600803027
8,9,5,0=0.0040966690655
8,9,5,1=0.0038420682802
8,9,5,2=0.00542856942861
8,9,5,3=0.00842963425207
8,9,5,4=-0.00669541621806
8,9,5,5=0.00168955180961
8,9,5,6=-0.00424818861143
8,9,5,7=0.00169212468652
8,9,5,8=-0.00803999046153
9,9,5,5=0.0325173373175
9,9,5,6=0.00272715933051
9,9,5,7=-0.00949680400095
9,9,5,8=0.00545173645852
9,9,5,9=-0.00771605574392
0,9,6,0=-0.0179165215449
1,9,6,0=0.000475705354345
1,9,6,1=-0.0284981480866
2,9,6,0=3.31597582019e-05
2,9,6,1=-0.000422995621411
2,9,6,2=-0.0240257491252
3,9,6,0=0.00429671730211
3,9,6,1=-0.000147408954169
3,9,6,2=-0.00016803012376
3,9,6,3=-0.0314118459989
4,9,6,0=-0.000597660926174
4,9,6,1=0.00393766843912
4,9,6,2=0.000406587694613
4,9,6,3=0.00303273943578
4,9,6,4=-0.00219578280306
5,9,6,0=-0.000372718076589
5,9,6,1=0.00336038583038
5,9,6,2=-0.00238999706993
5,9,6,3=-0.00347057210752
5,9,6,4=-0.00157197107152
5,9,6,5=-0.0220407006444
6,9,6,0=-0.00033502952355
6,9,6,1=-0.0018765064914
6,9,6,2=0.000631591075711
6,9,6,3=0.00559928404747
6,9,6,4=0.00373845670943
6,9,6,5=-0.00460117708536
6,9,6,6=0.0074654454064
7,9,6,0=0.000210660953372
7,9,6,1=-0.00320163632707
7,9,6,2=-0.00229829453179
7,9,6,3=0.00318903102381
7,9,6,4=0.00166216657978
7,9,6,5=0.000340772642623
7,9,6,6=0.00578611300986
7,9,6,7=-0.022378774799
8,9,6,0=-0.000154053404532
8,9,6,1=0.000141783862384
8,9,6,2=0.00187844453687
8,9,6,3=-0.000514567274033
8,9,6,4=0.000143435237556
8,9,6,5=-0.00259407486333
8,9,6,6=-0.000171869307221
8,9,6,7=-0.00267707665245
8,9,6,8=-0.0253780676686
9,9,6,6=0.0100091064734
9,9,6,7=-0.00348283838176
9,9,6,8=4.51121683878e-05
9,9,6,9=-0.0276116715138
0,9,7,0=-0.0137527005492
1,9,7,0=-0.00299358973274
1,9,7,1=0.0145076340383
2,9,7,0=0.00144332281745
2,9,7,1=0.00625635873036
2,9,7,2=0.00770436032582
3,9,7,0=-0.0022161520882
3,9,7,1=-0.00123178236393
3,9,7,2=0.0131175606604
3,9,7,3=0.00784375742895
4,9,7,0=-0.000217024018143
4,9,7,1=-0.0024545348467
4,9,7,2=-0.00632688104812
4,9,7,3=0.00121055276921
4,9,7,4=0.00510528976215
5,9,7,0=0.000577377623784
5,9,7,1=-0.0261854684615
5,9,7,2=-0.00229425485096
5,9,7,3=0.0234254337485
5,9,7,4=0.00285748259563
5,9,7,5=0.00790896691427
6,9,7,0=-0.00121643332873
6,9,7,1=-0.00324533228055
6,9,7,2=-0.00358462442993
6,9,7,3=0.00396085398784
6,9,7,4=-0.00168806834877
6,9,7,5=-0.00650937892935
6,9,7,6=0.000713867925604
7,9,7,0=0.00799398647186
7,9,7,1=0.016315912145
7,9,7,2=-0.00272896119137
7,9,7,3=-0.00767668945556
7,9,7,4=0.00267452274206
7,9,7,5=-0.00545825219561
7,9,7,6=-0.00925101581981
7,9,7,7=0.00779197736369
8,9,7,0=0.00465617722278
8,9,7,1=0.00419499693568
8,9,7,2=-0.00532966249622
8,9,7,3=0.00927749079042
8,9,7,4=-0.00702272981201
8,9,7,5=-0.00234333589537
8,9,7,6=-0.00420551364539
8,9,7,7=-0.00223489162494
8,9,7,8=0.00860129309519
9,9,7,7=0.0358749535208
9,9,7,8=0.00522536814963
9,9,7,9=0.00811424114052
0,9,8,0=0.00132513560278
1,9,8,0=0.000338156383445
1,9,8,1=-0.0013922737624
2,9,8,0=-0.00386183994132
2,9,8,1=-0.035497170017
2,9,8,2=-0.000561258537035
3,9,8,0=2.29431983039e-05
3,9,8,1=8.05377818056e-05
3,9,8,2=0.0297839393506
3,9,8,3=-0.000430121134447
4,9,8,0=-4.60810238099e-05
4,9,8,1=-5.84897104337e-05
4,9,8,2=0.0038534054774
4,9,8,3=-0.000235024285417
4,9,8,4=-0.000658745445737
5,9,8,0=0.00216763514563
5,9,8,1=0.00914712485156
5,9,8,2=0.00133473474118
5,9,8,3=0.017669825603
5,9,8,4=-0.00927080355832
5,9,8,5=-0.000440599174941
6,9,8,0=0.000113688694079
6,9,8,1=8.76939402143e-05
6,9,8,2=-0.00958397160021
6,9,8,3=-0.000755698226281
6,9,8,4=0.000605480966895
6,9,8,5=-0.0050805974031
6,9,8,6=0.000348365208911
7,9,8,0=0.00313382540271
7,9,8,1=0.00833618706502
7,9,8,2=-0.000443151095206
7,9,8,3=0.0167060065008
7,9,8,4=-0.00923192667635
7,9,8,5=3.40390117123e-05
7,9,8,6=-0.00497315066682
7,9,8,7=-0.000821765185098
8,9,8,0=0.0160994016472
8,9,8,1=0.0218664415565
8,9,8,2=0.000315220089301
8,9,8,3=-0.00988363310015
8,9,8,4=0.00540324852134
8,9,8,5=-0.000288147525702
8,9,8,6=-0.0125824841436
8,9,8,7=0.00107711872772
8,9,8,8=-0.000730359388891
9,9,8,8=0.0438920767202
9,9,8,9=-0.000461679728887
0,9,9,0=0.369936334048
1,9,9,0=0.00266544997837
1,9,9,1=0.413527100379
2,9,9,0=-0.000573578903819
2,9,9,1=0.000632846502044
2,9,9,2=0.376543694351
3,9,9,0=-0.023813939159
3,9,9,1=-0.00637014241235
3,9,9,2=-0.000474525855405
3,9,9,3=0.468824079243
4,9,9,0=0.0025813736248
4,9,9,1=-0.0169901301876
4,9,9,2=-0.000366469780384
4,9,9,3=-0.00786288069085
4,9,9,4=0.251698648291
5,9,9,0=0.00698748493752
5,9,9,1=-0.0067303242692
5,9,9,2=0.0217786781304
5,9,9,3=0.0110988207019
5,9,9,4=0.00818037366054
5,9,9,5=0.371180088955
6,9,9,0=0.00114748498266
6,9,9,1=0.00642485569854
6,9,9,2=-0.00122215054652
6,9,9,3=-0.0101553760456
6,9,9,4=0.0143621291137
6,9,9,5=0.0159561003155
6,9,9,6=0.289275331389
7,9,9,0=-0.00773994122959
7,9,9,1=0.00659705448608
7,9,9,2=0.0216402896016
7,9,9,3=-0.0114026532235
7,9,9,4=-0.00935367616353
7,9,9,5=-0.0284141355847
7,9,9,6=-0.0180429921596
7,9,9,7=0.378010531489
8,9,9,0=0.000703315763897
8,9,9,1=-0.000352376958022
8,9,9,2=-0.0352154616833
8,9,9,3=0.00122455119506
8,9,9,4=-0.000407531576472
8,9,9,5=0.0218909966598
8,9,9,6=0.000706788206632
8,9,9,7=0.0211010986645
8,9,9,8=0.400205706645
9,9,9,9=0.433999473664
0,10,0,0=0.0349021386201
1,10,0,0=0.00341949630544
1,10,0,1=0.00297961026215
2,10,0,0=-0.00104358769419
2,10,0,1=6.73909421598e-05
2,10,0,2=0.0381499360565
3,10,0,0=-0.0105441563113
3,10,0,1=-0.00681829865091
3,10,0,2=-0.000392183352916
3,10,0,3=0.0874311443165
4,10,0,0=-0.00394043727176
4,10,0,1=3.06716774425e-05
4,10,0,2=-4.20197536167e-05
4,10,0,3=-0.00131477086586
4,10,0,4=0.00766711545249
5,10,0,0=0.00956770166067
5,10,0,1=-0.000481958498622
5,10,0,2=0.0311778231513
5,10,0,3=0.000676133897909
5,10,0,4=-0.000482688348201
5,10,0,5=0.0378088889775
6,10,0,0=-0.00974105888701
6,10,0,1=-0.00188728343467
6,10,0,2=6.15459277529e-05
6,10,0,3=-0.0105077912643
6,10,0,4=0.0297146379654
6,10,0,5=-0.00114481954315
6,10,0,6=0.082094085462
7,10,0,0=-0.0120699694385
7,10,0,1=0.000600144680792
7,10,0,2=0.0306500969437
7,10,0,3=-0.00184650160691
7,10,0,4=0.00024577681257
7,10,0,5=0.0211950351355
7,10,0,6=0.00178389587716
7,10,0,7=0.0381265835543
8,10,0,0=0.000674392058178
8,10,0,1=-4.6206882479e-05
8,10,0,2=0.0195453907649
8,10,0,3=-0.000355473141997
8,10,0,4=-0.000447307728876
8,10,0,5=0.0327923090969
8,10,0,6=-0.000632561119419
8,10,0,7=0.0331173478346
8,10,0,8=0.0467851244343
9,10,0,0=0.0467231196961
9,10,0,1=0.00579457705794
9,10,0,2=0.000517114515751
9,10,0,3=0.0545898822618
9,10,0,4=-0.000467444686101
9,10,0,5=-0.00781268056117
9,10,0,6=-0.0043172224763
9,10,0,7=0.0079772705586
9,10,0,8=-0.000876194768293
9,10,0,9=0.041310255601
10,10,0,0=0.120057437775
10,10,0,1=-0.00324051228776
10,10,0,2=0.00055403060417
10,10,0,3=0.0137098749066
10,10,0,4=-0.00356911923236
10,10,0,5=-0.00959643460102
10,10,0,6=-0.00411423299731
10,10,0,7=0.00935799869361
10,10,0,8=-0.00101263534877
10,10,0,9=-0.0127541319316
10,10,0,10=0.0458879868411
0,10,1,0=-0.0137198189048
1,10,1,0=-0.00740025705869
1,10,1,1=-0.00788060083679
2,10,1,0=0.000364266572545
2,10,1,1=0.000778824525958
2,10,1,2=-0.0175449419555
3,10,1,0=0.00889323108872
3,10,1,1=0.0126212298182
3,10,1,2=8.26821465968e-05
3,10,1,3=-0.0317889706072
4,10,1,0=-6.47463033267e-05
4,10,1,1=-0.00516546991162
4,10,1,2=-4.78684652165e-05
4,10,1,3=-0.000786585350458
4,10,1,4=0.0312932646772
5,10,1,0=-0.00496021739357
5,10,1,1=-0.00601136121483
5,10,1,2=-0.0150508411821
5,10,1,3=0.000593346469328
5,10,1,4=-0.00227064103774
5,10,1,5=-0.0163057639767
6,10,1,0=-0.00208070674557
6,10,1,1=0.00207424182862
6,10,1,2=0.000434660415784
6,10,1,3=0.00175943651689
6,10,1,4=-0.0143583462832
6,10,1,5=-0.0038408555377
6,10,1,6=-0.00554992113453
7,10,1,0=0.00531901811421
7,10,1,1=0.0058001390111
7,10,1,2=-0.0150826972431
7,10,1,3=-0.000809028781601
7,10,1,4=0.00262932369069
7,10,1,5=0.0308720912361
7,10,1,6=0.00372607371013
7,10,1,7=-0.018444338752
8,10,1,0=-0.000485603779491
8,10,1,1=-0.000243797311752
8,10,1,2=0.0359299226599
8,10,1,3=0.000109405861319
8,10,1,4=7.26226987419e-05
8,10,1,5=-0.0160226654849
8,10,1,6=1.04473675784e-05
8,10,1,7=-0.0156880780993
8,10,1,8=-0.0211592938504
9,10,1,0=-0.0043407740943
9,10,1,1=-0.0396151554492
9,10,1,2=3.62149016353e-05
9,10,1,3=0.00105115955297
9,10,1,4=0.000985113266094
9,10,1,5=-0.00191981723327
9,10,1,6=-0.000299999594993
9,10,1,7=0.00241871860107
9,10,1,8=-0.000441729403873
9,10,1,9=-0.0128664474981
10,10,1,1=0.0287535157219
10,10,1,2=-0.00068837013541
10,10,1,3=0.0034225880642
10,10,1,4=-0.000891531055918
10,10,1,5=0.00669839782995
10,10,1,6=0.00056939380056
10,10,1,7=-0.00686662132281
10,10,1,8=0.000437721434963
10,10,1,9=-0.000532381908053
10,10,1,10=-0.010947915148
0,10,2,0=-0.00121394742003
1,10,2,0=0.000173126593162
1,10,2,1=0.00218852725478
2,10,2,0=0.0010746081576
2,10,2,1=-0.00583009998448
2,10,2,2=0.00139128557913
3,10,2,0=-0.00103840418588
3,10,2,1=2.06310616814e-05
3,10,2,2=0.0081181768497
3,10,2,3=0.000782425385069
4,10,2,0=5.90713261825e-05
4,10,2,1=-9.63946457347e-05
4,10,2,2=-0.00386105605992
4,10,2,3=-0.000109119309402
4,10,2,4=-0.000170584319321
5,10,2,0=0.00502587684613
5,10,2,1=-0.00202952749852
5,10,2,2=-0.000876521080437
5,10,2,3=0.00255417999538
5,10,2,4=0.00213062557694
5,10,2,5=0.0013924242779
6,10,2,0=0.000147197207817
6,10,2,1=0.000136843124837
6,10,2,2=-0.000621829717948
6,10,2,3=-0.00016459514465
6,10,2,4=0.000270576302371
6,10,2,5=-0.00332324653646
6,10,2,6=0.00066120576278
7,10,2,0=0.00419559146843
7,10,2,1=-0.00210121499623
7,10,2,2=0.000779400804155
7,10,2,3=0.00237121564051
7,10,2,4=0.00191094322877
7,10,2,5=-0.000974858018304
7,10,2,6=-0.00368828658206
7,10,2,7=0.000703263809423
8,10,2,0=0.00755409290592
8,10,2,1=0.0123212235631
8,10,2,2=-0.00120310442507
8,10,2,3=-0.00137117899177
8,10,2,4=-0.00376150486952
8,10,2,5=0.00111698895569
8,10,2,6=-0.00173004013675
8,10,2,7=-0.00110376977629
8,10,2,8=0.00142573554199
9,10,2,0=0.00081050434896
9,10,2,1=0.000563287205427
9,10,2,2=-0.0072817497177
9,10,2,3=-0.000362401744009
9,10,2,4=9.87652702239e-05
9,10,2,5=0.00513578507438
9,10,2,6=-6.19807412851e-05
9,10,2,7=0.00553786524899
9,10,2,8=0.00990398692176
9,10,2,9=0.000523590615356
10,10,2,2=0.0101976720993
10,10,2,3=6.69121843264e-05
10,10,2,4=-1.52427027637e-05
10,10,2,5=0.00208385774298
10,10,2,6=0.000214714884757
10,10,2,7=0.00315523193562
10,10,2,8=0.00190955174411
10,10,2,9=-0.0015191849305
10,10,2,10=-0.0007673069553
0,10,3,0=-0.00685365650504
1,10,3,0=-0.00207004224156
1,10,3,1=0.0237994826156
2,10,3,0=-0.000155978690163
2,10,3,1=0.000187238998383
2,10,3,2=0.0081273755339
3,10,3,0=0.0134597121144
3,10,3,1=0.00520236201462
3,10,3,2=-0.000364149143817
3,10,3,3=-0.0180481573994
4,10,3,0=-0.00136640818622
4,10,3,1=-0.00209401919932
4,10,3,2=2.02469160216e-05
4,10,3,3=0.000625294216457
4,10,3,4=0.0155641129284
5,10,3,0=0.0009957077516
5,10,3,1=-0.000594084072241
5,10,3,2=-0.00880366841972
5,10,3,3=0.00264412316877
5,10,3,4=9.13648037113e-05
5,10,3,5=0.00783679440163
6,10,3,0=-0.00699392087241
6,10,3,1=0.0013049013873
6,10,3,2=5.07640437719e-05
6,10,3,3=0.00610573545751
6,10,3,4=-0.00935324189695
6,10,3,5=0.000181947872827
6,10,3,6=-0.00885104417435
7,10,3,0=-0.00157033809874
7,10,3,1=0.000542705962371
7,10,3,2=-0.00849804115689
7,10,3,3=-0.00301246672393
7,10,3,4=-0.000136912191042
7,10,3,5=0.0013660022173
7,10,3,6=-0.000333755599421
7,10,3,7=0.00825327817901
8,10,3,0=-0.000203804164185
8,10,3,1=-0.000152008440549
8,10,3,2=0.00107784561376
8,10,3,3=0.000452761202083
8,10,3,4=3.31737474905e-05
8,10,3,5=-0.00660980681032
8,10,3,6=0.000113332543971
8,10,3,7=-0.00605930448165
8,10,3,8=0.0118884711448
9,10,3,0=0.0192691160424
9,10,3,1=-0.00644197293881
9,10,3,2=5.44592438791e-05
9,10,3,3=-0.00666307426687
9,10,3,4=0.00188759365438
9,10,3,5=-0.00171317859549
9,10,3,6=0.00174788656569
9,10,3,7=0.0016639180755
9,10,3,8=-0.000437511180577
9,10,3,9=0.00422233757294
10,10,3,3=0.0221066155451
10,10,3,4=-0.00358351002095
10,10,3,5=-0.00494499056822
10,10,3,6=-0.00663906272543
10,10,3,7=0.00486976416569
10,10,3,8=-0.000765630379807
10,10,3,9=-0.00238198021631
10,10,3,10=-0.00484621504485
0,10,4,0=-0.0149279623081
1,10,4,0=0.000864959502496
1,10,4,1=-0.0220660995887
2,10,4,0=-4.21984468462e-05
2,10,4,1=0.000156222978832
2,10,4,2=-0.0128302106119
3,10,4,0=-0.00232397032144
3,10,4,1=-0.00241537256919
3,10,4,2=3.59197270097e-05
3,10,4,3=-0.00908733635374
4,10,4,0=0.000916277833877
4,10,4,1=0.00589398768519
4,10,4,2=-0.000333497129617
4,10,4,3=0.00160085857375
4,10,4,4=0.00637860572154
5,10,4,0=0.00027023415441
5,10,4,1=-0.000463376282667
5,10,4,2=0.00140687652201
5,10,4,3=-0.00055889164577
5,10,4,4=-0.000979997936078
5,10,4,5=-0.0120108238912
6,10,4,0=0.00493494503268
6,10,4,1=-0.00237614089442
6,10,4,2=0.000208258433196
6,10,4,3=-0.00119072289678
6,10,4,4=-0.00307863097097
6,10,4,5=-0.000915924778587
6,10,4,6=-0.00329212211413
7,10,4,0=-0.000206439208379
7,10,4,1=0.000272003527025
7,10,4,2=0.00112428816048
7,10,4,3=0.000407294327254
7,10,4,4=0.00177925237652
7,10,4,5=-0.000272266480567
7,10,4,6=0.000985072328798
7,10,4,7=-0.0122487986574
8,10,4,0=1.57531318961e-06
8,10,4,1=7.59203245726e-05
8,10,4,2=0.000324701595331
8,10,4,3=-9.8431523991e-05
8,10,4,4=-0.000145110800791
8,10,4,5=-0.000185875675603
8,10,4,6=0.00023259505425
8,10,4,7=-0.000229939560226
8,10,4,8=-0.0142449180977
9,10,4,0=-0.00262789626912
9,10,4,1=0.00225104972343
9,10,4,2=-0.000116148446613
9,10,4,3=0.00223945106913
9,10,4,4=-0.00537815618666
9,10,4,5=-0.000237478756238
9,10,4,6=0.00256499592025
9,10,4,7=0.000380006715577
9,10,4,8=-0.000148017314131
9,10,4,9=-0.0142618688606
10,10,4,4=0.00592044142304
10,10,4,5=0.000906242170372
10,10,4,6=0.00428409865523
10,10,4,7=-0.000938142901673
10,10,4,8=0.00013652506738
10,10,4,9=0.000660810142914
10,10,4,10=-0.0165954378161
0,10,5,0=0.0161688607341
1,10,5,0=-0.00220918745306
1,10,5,1=-0.0283883376629
2,10,5,0=0.00520018338403
2,10,5,1=-0.0047855593728
2,10,5,2=-0.0152938804675
3,10,5,0=0.0119657416862
3,10,5,1=-0.000844222668246
3,10,5,2=0.00211364891932
3,10,5,3=-0.00807561021348
4,10,5,0=-0.00139976795434
4,10,5,1=-0.000275284574139
4,10,5,2=0.00266353261173
4,10,5,3=0.000833764840734
4,10,5,4=-0.00831415252397
5,10,5,0=-0.00381009189028
5,10,5,1=-0.00697418710496
5,10,5,2=0.00464238274787
5,10,5,3=0.00776168317417
5,10,5,4=-0.00547012711622
5,10,5,5=-0.0152593416901
6,10,5,0=-0.001474901232
6,10,5,1=-0.00250580907193
6,10,5,2=-0.00353214591301
6,10,5,3=0.000549212652647
6,10,5,4=0.00267974971592
6,10,5,5=-0.0031231107072
6,10,5,6=-0.00178918552461
7,10,5,0=0.0132449523096
7,10,5,1=0.0145529868312
7,10,5,2=0.00355948764696
7,10,5,3=-0.000215526534193
7,10,5,4=-0.0031255600318
7,10,5,5=0.010817884425
7,10,5,6=0.000810115684188
7,10,5,7=-0.0165685905958
8,10,5,0=0.00569086072532
8,10,5,1=-0.002025721264
8,10,5,2=0.0110690723437
8,10,5,3=0.00186829610688
8,10,5,4=0.00253098606229
8,10,5,5=0.0034650579979
8,10,5,6=-0.00510679585321
8,10,5,7=0.00374430742124
8,10,5,8=-0.0170390931467
9,10,5,0=-0.013642957829
9,10,5,1=-0.00404777354305
9,10,5,2=0.00530618736583
9,10,5,3=0.00591761294369
9,10,5,4=-0.00167144136939
9,10,5,5=-0.00585565153032
9,10,5,6=-0.000911306683455
9,10,5,7=0.00712961628153
9,10,5,8=0.00727188820954
9,10,5,9=-0.00638715003614
10,10,5,5=0.0176149643613
10,10,5,6=-0.00166461577839
10,10,5,7=-0.0047004702347
10,10,5,8=0.0041572566232
10,10,5,9=0.0194258054501
10,10,5,10=0.00834914957361
0,10,6,0=-0.0278102488689
1,10,6,0=7.91792451286e-05
1,10,6,1=0.0144269063372
2,10,6,0=-0.000385919069648
2,10,6,1=1.16224330915e-05
2,10,6,2=0.00780347165798
3,10,6,0=-0.0171443565299
3,10,6,1=0.000472333496588
3,10,6,2=-9.27311976254e-05
3,10,6,3=0.0115174228991
4,10,6,0=0.00594477644273
4,10,6,1=-0.00217164031447
4,10,6,2=0.000206845928135
4,10,6,3=-0.00153839848167
4,10,6,4=0.00270880623632
5,10,6,0=0.00527070646483
5,10,6,1=0.00049383207547
5,10,6,2=-0.00452627009739
5,10,6,3=-0.0012635727754
5,10,6,4=0.000399489150656
5,10,6,5=0.00549076953185
6,10,6,0=0.0142825006462
6,10,6,1=0.00148656358391
6,10,6,2=0.000255590398693
6,10,6,3=-0.00276383594358
6,10,6,4=0.000565344626389
6,10,6,5=0.00123702601364
6,10,6,6=0.00665157458942
7,10,6,0=-0.0053979304185
7,10,6,1=-0.000493010906906
7,10,6,2=-0.00468565530603
7,10,6,3=0.00103302963237
7,10,6,4=-0.000404227045439
7,10,6,5=-0.0047573196828
7,10,6,6=-0.000779544391934
7,10,6,7=0.00525328197038
8,10,6,0=0.000476942741276
8,10,6,1=-2.12904363662e-06
8,10,6,2=-0.00579955496298
8,10,6,3=-0.000284488770759
8,10,6,4=0.000245049577651
8,10,6,5=-0.00647016663482
8,10,6,6=0.000452684155665
8,10,6,7=-0.00663503663484
8,10,6,8=0.00430590101163
9,10,6,0=0.00218958308375
9,10,6,1=-0.00147657936852
9,10,6,2=3.92958530292e-05
9,10,6,3=-0.00131030865588
9,10,6,4=0.00191643952019
9,10,6,5=-0.00175331461954
9,10,6,6=-0.00131695525625
9,10,6,7=0.00181577602537
9,10,6,8=-0.000273039402101
9,10,6,9=0.00311634776829
10,10,6,6=0.0179583553856
10,10,6,7=0.00236452466869
10,10,6,8=-0.000139768267608
10,10,6,9=-0.0190179081847
10,10,6,10=-0.0211781934317
0,10,7,0=-0.020612034857
1,10,7,0=0.00235288367401
1,10,7,1=0.0308115684099
2,10,7,0=0.00446378939013
2,10,7,1=-0.00553876884866
2,10,7,2=0.0162842217451
3,10,7,0=-0.0140137858387
3,10,7,1=0.00116207638616
3,10,7,2=0.00162325219556
3,10,7,3=0.00750960783253
4,10,7,0=0.00163181888545
4,10,7,1=0.000295897644241
4,10,7,2=0.00285027269094
4,10,7,3=-0.00102759125586
4,10,7,4=0.0108817506161
5,10,7,0=0.0135476515521
5,10,7,1=0.0155368025243
5,10,7,2=-0.00513085262905
5,10,7,3=-0.000353588029491
5,10,7,4=-0.00334667433801
5,10,7,5=0.0165820425871
6,10,7,0=0.00198909259447
6,10,7,1=0.00269676119427
6,10,7,2=-0.00383161586362
6,10,7,3=-0.00082496271116
6,10,7,4=-0.00354936144717
6,10,7,5=0.000977973828499
6,10,7,6=0.00184874462632
7,10,7,0=-0.00524139546822
7,10,7,1=-0.00835418364858
7,10,7,2=-0.0056692509593
7,10,7,3=0.00834354386121
7,10,7,4=-0.00585985082968
7,10,7,5=-0.0115779232978
7,10,7,6=-0.00341584095939
7,10,7,7=0.0172248532828
8,10,7,0=0.00696159822239
8,10,7,1=-0.00217824676152
8,10,7,2=-0.0114631434157
8,10,7,3=0.0019433901689
8,10,7,4=0.00284043210461
8,10,7,5=-0.00526209273639
8,10,7,6=-0.00477620319127
8,10,7,7=-0.00478460486404
8,10,7,8=0.0182374902309
9,10,7,0=0.0145684009444
9,10,7,1=0.00372974444963
9,10,7,2=0.00572282144383
9,10,7,3=-0.0070622337291
9,10,7,4=0.00164653279161
9,10,7,5=0.00711200594656
9,10,7,6=0.00100189507412
9,10,7,7=-0.0065305076914
9,10,7,8=0.00705520683466
9,10,7,9=0.0057759163092
10,10,7,7=0.0198382215052
10,10,7,8=0.00306016438539
10,10,7,9=-0.0226642373851
10,10,7,10=-0.0118832980953
0,10,8,0=0.00185396552655
1,10,8,0=-0.000130654443165
1,10,8,1=-0.00275606199564
2,10,8,0=0.00790181320434
2,10,8,1=0.0193221235737
2,10,8,2=-0.00156641385635
3,10,8,0=0.000796818892117
3,10,8,1=-0.000332787281249
3,10,8,2=-0.00222295463897
3,10,8,3=0.0001833923387
4,10,8,0=-0.000200542342015
4,10,8,1=0.000142476226883
4,10,8,2=-0.00505404763534
4,10,8,3=2.51079996286e-05
4,10,8,4=-0.00161241376201
5,10,8,0=0.00616990204216
5,10,8,1=-0.00631446186545
5,10,8,2=0.00241951358675
5,10,8,3=0.000457525616627
5,10,8,4=0.00349129888436
5,10,8,5=-0.00103130859896
6,10,8,0=-0.000153105992007
6,10,8,1=-0.000151781846158
6,10,8,2=-0.000598621380793
6,10,8,3=-5.1269919196e-05
6,10,8,4=0.000820765513151
6,10,8,5=-0.00508741327897
6,10,8,6=0.000521740464314
7,10,8,0=0.00718266187681
7,10,8,1=-0.00555743935335
7,10,8,2=-0.000745951727362
7,10,8,3=0.000949104170741
7,10,8,4=0.00360378748572
7,10,8,5=0.000311782332994
7,10,8,6=-0.00490519506384
7,10,8,7=-0.00136991642814
8,10,8,0=0.00217060821907
8,10,8,1=-0.0101395548412
8,10,8,2=0.000919236696634
8,10,8,3=0.0115383435608
8,10,8,4=-0.00694631653169
8,10,8,5=-0.000711705635861
8,10,8,6=-0.00150322780114
8,10,8,7=0.00249145710514
8,10,8,8=-0.0017594053924
9,10,8,0=-0.00144836287322
9,10,8,1=4.70482970098e-05
9,10,8,2=0.00966384110932
9,10,8,3=0.000653535457018
9,10,8,4=-0.00013680990242
9,10,8,5=0.00732189092096
9,10,8,6=-0.000267648079119
9,10,8,7=0.00697702205725
9,10,8,8=-0.0116421854852
9,10,8,9=-0.00030607485014
10,10,8,8=0.0169286320603
10,10,8,9=0.00176187248427
10,10,8,10=0.000831323395201
0,10,9,0=0.105090237089
1,10,9,0=0.0018763918445
1,10,9,1=-0.124948278246
2,10,9,0=0.00163018287955
2,10,9,1=0.000649600325864
2,10,9,2=-0.0558588038224
3,10,9,0=0.0588029788121
3,10,9,1=-0.0121935084097
3,10,9,2=0.000183516322328
3,10,9,3=-0.014485274676
4,10,9,0=-0.00803203963144
4,10,9,1=0.00628918659479
4,10,9,2=-0.000316676970432
4,10,9,3=0.00441088850369
4,10,9,4=-0.0611242695805
5,10,9,0=-0.0235243409635
5,10,9,1=-0.00551372676505
5,10,9,2=0.0357195748978
5,10,9,3=3.18057389154e-07
5,10,9,4=-0.00309934157694
5,10,9,5=-0.0473294960984
6,10,9,0=-0.0116237334359
6,10,9,1=-0.00666904267833
6,10,9,2=0.00022380189347
6,10,9,3=0.00194350258
6,10,9,4=0.0281985981958
6,10,9,5=-0.00747858769888
6,10,9,6=0.00669147099392
7,10,9,0=0.0248536356742
7,10,9,1=0.00536747028216
7,10,9,2=0.0356563787607
7,10,9,3=-0.000105943545288
7,10,9,4=0.00366082927711
7,10,9,5=0.0237905456533
7,10,9,6=0.00796673359649
7,10,9,7=-0.0488990860801
8,10,9,0=-0.00236974362141
8,10,9,1=-0.000286917907526
8,10,9,2=0.0301248589112
8,10,9,3=-1.19309186959e-05
8,10,9,4=-0.000628509641496
8,10,9,5=0.0369006432166
8,10,9,6=-0.00129022089934
8,10,9,7=0.0359018621434
8,10,9,8=-0.0576354172685
9,10,9,0=-0.0318676696667
9,10,9,1=0.00881967286516
9,10,9,2=-0.000396710949659
9,10,9,3=0.0352912308771
9,10,9,4=-0.00485953004639
9,10,9,5=0.00567684642804
9,10,9,6=0.00430714882247
9,10,9,7=-0.00664522862013
9,10,9,8=0.000526104389409
9,10,9,9=-0.0190644548927
10,10,9,9=0.0945559425383
10,10,9,10=0.0708212340347
0,10,10,0=0.48979839064
1,10,10,0=0.00366070700618
1,10,10,1=0.288310833284
2,10,10,0=0.000977180681428
2,10,10,1=-0.000399958489861
2,10,10,2=0.308866094162
3,10,10,0=0.034504994533
3,10,10,1=-0.00926170785554
3,10,10,2=7.22582320218e-05
3,10,10,3=0.412586384764
4,10,10,0=-0.00805170863759
4,10,10,1=-0.0103347710646
4,10,10,2=-0.000186844836462
4,10,10,3=-0.00645988155964
4,10,10,4=0.199576286469
5,10,10,0=-0.0149834087878
5,10,10,1=0.00326110154041
5,10,10,2=0.0530942487355
5,10,10,3=-0.00386553184676
5,10,10,4=0.00369462647913
5,10,10,5=0.314781742534
6,10,10,0=-0.015983818261
6,10,10,1=0.00266757185319
6,10,10,2=-0.000492065885047
6,10,10,3=-0.0148911900933
6,10,10,4=0.0511570143081
6,10,10,5=0.00506655035603
6,10,10,6=0.327900174587
7,10,10,0=0.0149047972774
7,10,10,1=-0.00323375124367
7,10,10,2=0.053776133895
7,10,10,3=0.00377018953461
7,10,10,4=-0.00467333387244
7,10,10,5=0.00873989354301
7,10,10,6=-0.005294041176
7,10,10,7=0.319715630705
8,10,10,0=-0.00158243159989
8,10,10,1=0.000225801776528
8,10,10,2=0.0111520129723
8,10,10,3=-0.000659556274268
8,10,10,4=-0.000720460317092
8,10,10,5=0.0586699332821
8,10,10,6=-0.000985044361541
8,10,10,7=0.056987500115
8,10,10,8=0.333173272482
9,10,10,0=-0.00960760155985
9,10,10,1=0.0169484221332
9,10,10,2=-0.000714607210217
9,10,10,3=0.0544361790895
9,10,10,4=0.00999960812911
9,10,10,5=0.0106412490989
9,10,10,6=-0.0219232808316
9,10,10,7=-0.0127914555089
9,10,10,8=0.00101322355732
9,10,10,9=0.391551397624
10,10,10,10=0.489604722584
0,11,0,0=0.0148531732637
1,11,0,0=-0.00255882035166
1,11,0,1=-0.0219469995247
2,11,0,0=0.000134307424621
2,11,0,1=-0.000212676099633
2,11,0,2=-0.0121042415729
3,11,0,0=0.0125780803895
3,11,0,1=0.00517257179435
3,11,0,2=0.000195780728577
3,11,0,3=-0.0184726936282
4,11,0,0=-0.00281077522468
4,11,0,1=-0.00063389183092
4,11,0,2=6.52425845503e-05
4,11,0,3=-0.000693492634112
4,11,0,4=0.00516010003933
5,11,0,0=-0.00372838486361
5,11,0,1=0.000751299543592
5,11,0,2=0.00565525406134
5,11,0,3=-0.00183541995808
5,11,0,4=-0.00211059442078
5,11,0,5=-0.00957982122637
6,11,0,0=-0.00578859919921
6,11,0,1=-0.000183857667102
6,11,0,2=0.000313965536566
6,11,0,3=-0.00361923438315
6,11,0,4=0.00988194823002
6,11,0,5=-0.00452077123045
6,11,0,6=0.0299789297608
7,11,0,0=0.00347812415359
7,11,0,1=-0.000608788042999
7,11,0,2=0.00612140593612
7,11,0,3=0.0016671603531
7,11,0,4=0.0021183652539
7,11,0,5=0.0251681938711
7,11,0,6=0.00499600338275
7,11,0,7=-0.0108927355601
8,11,0,0=-0.000349686769368
8,11,0,1=0.000141932826209
8,11,0,2=0.0288047303721
8,11,0,3=-0.000421488813842
8,11,0,4=-0.000161312399637
8,11,0,5=0.00869518039933
8,11,0,6=-0.000667640191027
8,11,0,7=0.00871563580688
8,11,0,8=-0.0119135547345
9,11,0,0=-0.00261417671929
9,11,0,1=-0.0139173767915
9,11,0,2=-4.06751076136e-06
9,11,0,3=0.0245189582478
9,11,0,4=-0.000523787439838
9,11,0,5=0.000173355240483
9,11,0,6=-0.000124013201341
9,11,0,7=-0.000140899552042
9,11,0,8=7.37525772197e-05
9,11,0,9=-0.00821102110685
10,11,0,0=0.0287777952114
10,11,0,1=0.00896310833118
10,11,0,2=-0.000153665301585
10,11,0,3=-0.000183122661335
10,11,0,4=-0.0010971352465
10,11,0,5=0.00230228204947
10,11,0,6=-0.00325245679733
10,11,0,7=-0.00269438237901
10,11,0,8=5.40884606076e-05
10,11,0,9=0.0061914431616
10,11,0,10=0.0193788075546
11,11,0,0=0.0237299635244
11,11,0,1=-0.0104022119241
11,11,0,2=-0.000140714414767
11,11,0,3=-0.0323667776609
11,11,0,4=-0.000720462415793
11,11,0,5=0.00236441057428
11,11,0,6=0.000157423191368
11,11,0,7=-0.00275090718876
11,11,0,8=0.000182714714984
11,11,0,9=0.00101851684353
11,11,0,10=0.0173301899732
11,11,0,11=-0.023173814587
0,11,1,0=0.0143707391135
1,11,1,0=0.00297529642177
1,11,1,1=0.0572790257901
2,11,1,0=-0.000392999284857
2,11,1,1=0.000311641214397
2,11,1,2=0.0258333688242
3,11,1,0=-0.0065124125867
3,11,1,1=-0.00376880492479
3,11,1,2=-0.000218734945542
3,11,1,3=0.0291951160751
4,11,1,0=-9.38358666133e-05
4,11,1,1=0.00312329908242
4,11,1,2=-0.000122636459613
4,11,1,3=0.000745153332369
4,11,1,4=-0.0344319876722
5,11,1,0=0.00398486985462
5,11,1,1=-0.00204007249435
5,11,1,2=0.0122110920647
5,11,1,3=0.00234825075378
5,11,1,4=0.00302409956622
5,11,1,5=0.0234252822144
6,11,1,0=0.00100059726683
6,11,1,1=-0.00217565186193
6,11,1,2=-0.000426214800865
6,11,1,3=-0.000296381847335
6,11,1,4=0.0154653122798
6,11,1,5=0.00503441869451
6,11,1,6=0.00304557282878
7,11,1,0=-0.00416601730397
7,11,1,1=0.00186501387782
7,11,1,2=0.0133631315313
7,11,1,3=-0.00243045720717
7,11,1,4=-0.00300072048218
7,11,1,5=-0.0391541359391
7,11,1,6=-0.00514218747568
7,11,1,7=0.0259989271104
8,11,1,0=0.000329565204377
8,11,1,1=-0.000199547549645
8,11,1,2=-0.0458691702014
8,11,1,3=0.000260537336267
8,11,1,4=-0.000330235294933
8,11,1,5=0.0183961682752
8,11,1,6=4.3333777467e-05
8,11,1,7=0.0179645105504
8,11,1,8=0.0294536099193
9,11,1,0=0.0028134344624
9,11,1,1=0.0471742841999
9,11,1,2=0.000393253325588
9,11,1,3=-0.00189327559166
9,11,1,4=0.000114337655761
9,11,1,5=-0.00433445254146
9,11,1,6=-0.00125785435126
9,11,1,7=0.00437366406357
9,11,1,8=-0.000302585705633
9,11,1,9=0.0209244851779
10,11,1,0=0.00221184677108
10,11,1,1=-0.0368064024294
10,11,1,2=0.00077720053852
10,11,1,3=-0.00398955400796
10,11,1,4=-0.000348503041853
10,11,1,5=-0.00570462171274
10,11,1,6=-0.00118372141192
10,11,1,7=0.00546155771595
10,11,1,8=-0.00022421395881
10,11,1,9=-0.00288974693533
10,11,1,10=0.0160574295311
11,11,1,1=0.068464481258
11,11,1,2=0.000275213245061
11,11,1,3=0.0239414649623
11,11,1,4=-0.00199766723596
11,11,1,5=-0.00261963261783
11,11,1,6=0.00306297172894
11,11,1,7=0.0028530941597
11,11,1,8=-0.000329931290287
11,11,1,9=-0.00763741773922
11,11,1,10=-0.00513213383909
11,11,1,11=0.0577194420176
0,11,2,0=-0.000370650043246
1,11,2,0=-7.6134919833e-05
1,11,2,1=0.000923246684168
2,11,2,0=-0.00158881878969
2,11,2,1=-0.00271568539811
2,11,2,2=0.000440265215374
3,11,2,0=-0.000230685672331
3,11,2,1=2.89488921366e-05
3,11,2,2=-0.00187681352635
3,11,2,3=4.83651160771e-05
4,11,2,0=6.24779781936e-05
4,11,2,1=-9.41692036826e-05
4,11,2,2=0.00682257298329
4,11,2,3=1.40370811485e-05
4,11,2,4=0.000373054651687
5,11,2,0=-0.0015031586656
5,11,2,1=0.00355371253008
5,11,2,2=-0.000439044771859
5,11,2,3=-0.00235122147872
5,11,2,4=-0.0048760083796
5,11,2,5=0.000407835004204
6,11,2,0=7.11654590556e-05
6,11,2,1=-6.22695839601e-05
6,11,2,2=0.000874310275378
6,11,2,3=8.43576941456e-06
6,11,2,4=-0.000117403360811
6,11,2,5=0.00591092783907
6,11,2,6=-0.00042191875575
7,11,2,0=-0.00143941641884
7,11,2,1=0.0043957519651
7,11,2,2=0.000141170710967
7,11,2,3=-0.00300379362103
7,11,2,4=-0.00486085348804
7,11,2,5=-0.000211770771343
7,11,2,6=0.00566593348382
7,11,2,7=0.000417235568766
8,11,2,0=0.00211459331585
8,11,2,1=-0.00741071451025
8,11,2,2=-0.000363679741545
8,11,2,3=-0.010930583469
8,11,2,4=0.00761287805787
8,11,2,5=0.000155025560323
8,11,2,6=0.000784267412062
8,11,2,7=-0.000440391492429
8,11,2,8=0.000420427944671
9,11,2,0=0.000184194220995
9,11,2,1=0.000187382883664
9,11,2,2=-0.00120996970502
9,11,2,3=-0.000317280993149
9,11,2,4=6.23210829785e-05
9,11,2,5=-0.00980519278408
9,11,2,6=0.0001029102689
9,11,2,7=-0.0085898301322
9,11,2,8=0.00073166373643
9,11,2,9=0.000217619931959
10,11,2,0=0.000115274489223
10,11,2,1=0.000109804736975
10,11,2,2=-0.00400135031149
10,11,2,3=4.41765563641e-05
10,11,2,4=-9.062145563e-05
10,11,2,5=0.00330550861788
10,11,2,6=0.000157869699006
10,11,2,7=0.00293583215426
10,11,2,8=-0.00245841491271
10,11,2,9=-0.000331352607819
10,11,2,10=-0.000276824932239
11,11,2,2=0.0161166453492
11,11,2,3=0.000161200932916
11,11,2,4=6.58298217697e-05
11,11,2,5=-0.00119890135019
11,11,2,6=-4.69660127352e-05
11,11,2,7=-0.00121048005852
11,11,2,8=0.00130164968806
11,11,2,9=0.000326786439603
11,11,2,10=-0.00023209111306
11,11,2,11=0.000602336161587
0,11,3,0=-0.0119723783817
1,11,3,0=0.00575981327405
1,11,3,1=0.0524582087028
2,11,3,0=-0.000562581754044
2,11,3,1=2.45987050104e-06
2,11,3,2=0.0311466660349
3,11,3,0=-0.0287200166101
3,11,3,1=-0.0101430709324
3,11,3,2=-0.000379579867713
3,11,3,3=0.036390536549
4,11,3,0=0.0012458144621
4,11,3,1=0.00102728672995
4,11,3,2=3.64078754368e-06
4,11,3,3=0.000669366695987
4,11,3,4=-0.00527561173013
5,11,3,0=0.00812697937622
5,11,3,1=-0.000183680675182
5,11,3,2=-0.00901018113057
5,11,3,3=0.00429922288404
5,11,3,4=0.00388405052225
5,11,3,5=0.0271029129238
6,11,3,0=0.000807410981798
6,11,3,1=4.23306513222e-05
6,11,3,2=-0.000503189435035
6,11,3,3=0.00600139433856
6,11,3,4=-0.00828516027119
6,11,3,5=0.00829380828463
6,11,3,6=-0.0269673315285
7,11,3,0=-0.00858958935443
7,11,3,1=0.00013995310903
7,11,3,2=-0.00971697841409
7,11,3,3=-0.00423322616307
7,11,3,4=-0.0040155859648
7,11,3,5=-0.0498341100025
7,11,3,6=-0.00875908563379
7,11,3,7=0.0304025904442
8,11,3,0=0.000684728419483
8,11,3,1=-0.000125553309913
8,11,3,2=-0.0576104136598
8,11,3,3=0.000604582577681
8,11,3,4=0.000256536338641
8,11,3,5=-0.0127865809229
8,11,3,6=0.00101865384068
8,11,3,7=-0.0126061744337
8,11,3,8=0.0361574418947
9,11,3,0=0.0153840718938
9,11,3,1=0.0302460258585
9,11,3,2=0.00012026891941
9,11,3,3=-0.0543865606642
9,11,3,4=0.00137219113217
9,11,3,5=-0.00424366217045
9,11,3,6=0.000391179421246
9,11,3,7=0.00427120806269
9,11,3,8=-0.00038806919905
9,11,3,9=0.0136834548761
10,11,3,0=-0.0177297162381
10,11,3,1=-0.0200936530518
10,11,3,2=0.00056341279074
10,11,3,3=0.0046174696537
10,11,3,4=-0.00175351165597
10,11,3,5=-0.00908234899658
10,11,3,6=-0.00148791019229
10,11,3,7=0.00966635925783
10,11,3,8=-0.000743165735336
10,11,3,9=-0.0197212037051
10,11,3,10=-0.0186949950501
11,11,3,3=0.0727168032683
11,11,3,4=0.000396266481185
11,11,3,5=-0.00246084903367
11,11,3,6=-0.00353607997684
11,11,3,7=0.0028269501931
11,11,3,8=-9.83428581487e-05
11,11,3,9=-0.00138918601465
11,11,3,10=-0.023435099718
11,11,3,11=0.0630323063662
0,11,4,0=0.00292772739975
1,11,4,0=-0.00161775862292
1,11,4,1=0.0373718081634
2,11,4,0=-0.000153693180994
2,11,4,1=-0.000148406958529
2,11,4,2=0.0223479260503
3,11,4,0=-0.00619350056931
3,11,4,1=0.00419201229129
3,11,4,2=4.31976441055e-05
3,11,4,3=0.0173515878248
4,11,4,0=0.00252652789815
4,11,4,1=-0.00860793790342
4,11,4,2=0.000141976932382
4,11,4,3=-0.00328906522565
4,11,4,4=0.00219169864929
5,11,4,0=0.00193642141403
5,11,4,1=0.000183424678034
5,11,4,2=-0.00650848810984
5,11,4,3=0.000851167640327
5,11,4,4=0.00157374869921
5,11,4,5=0.0199036513301
6,11,4,0=0.00270672194987
6,11,4,1=0.00380251223205
6,11,4,2=-0.000102893391129
6,11,4,3=-0.00110375292777
6,11,4,4=-0.000152421095745
6,11,4,5=0.00224978772375
6,11,4,6=0.00357789537173
7,11,4,0=-0.00197235122197
7,11,4,1=-7.09957662967e-05
7,11,4,2=-0.00625250862187
7,11,4,3=-0.000709252328435
7,11,4,4=-0.00190913881174
7,11,4,5=0.000856112291742
7,11,4,6=-0.00260723571189
7,11,4,7=0.0200252494378
8,11,4,0=0.000239923140799
8,11,4,1=7.19108093843e-06
8,11,4,2=-0.000310706784118
8,11,4,3=7.85846001968e-05
8,11,4,4=1.99632570382e-05
8,11,4,5=-0.00599981273438
8,11,4,6=0.000164817944615
8,11,4,7=-0.00606533409631
8,11,4,8=0.0227986196021
9,11,4,0=0.00321605901297
9,11,4,1=-0.00583677933791
9,11,4,2=0.000104949326505
9,11,4,3=-0.00419180373573
9,11,4,4=0.00711152395217
9,11,4,5=-0.000708053054158
9,11,4,6=-0.00546354276712
9,11,4,7=0.000868006358771
9,11,4,8=4.57555399045e-05
9,11,4,9=0.0209091462046
10,11,4,0=-0.00083162946448
10,11,4,1=0.00297849298506
10,11,4,2=0.000116077119503
10,11,4,3=0.000194693579252
10,11,4,4=-0.00455028262557
10,11,4,5=-0.00141629928175
10,11,4,6=0.00550461483503
10,11,4,7=0.00178389044881
10,11,4,8=-0.000197801738178
10,11,4,9=-0.0115130394099
10,11,4,10=0.00953224769191
11,11,4,4=0.00993874715692
11,11,4,5=-4.57790058499e-05
11,11,4,6=0.000468081769779
11,11,4,7=-8.16993666533e-05
11,11,4,8=-2.2237538421e-05
11,11,4,9=0.00634525507178
11,11,4,10=-0.00805648922487
11,11,4,11=0.0287713262999
0,11,5,0=0.000644170753196
1,11,5,0=3.1829482629e-05
1,11,5,1=-0.00922482981248
2,11,5,0=-0.000862042485828
2,11,5,1=0.00676105771201
2,11,5,2=-0.00509897804141
3,11,5,0=0.00398326809219
3,11,5,1=8.96109047753e-06
3,11,5,2=-0.00463317758783
3,11,5,3=-0.00215458731425
4,11,5,0=-0.000502688909973
4,11,5,1=0.000775649211757
4,11,5,2=-0.00512681315992
4,11,5,3=0.000982852933895
4,11,5,4=-0.00148502538432
5,11,5,0=-0.00310215851132
5,11,5,1=-0.00199677779947
5,11,5,2=0.00126971343752
5,11,5,3=-0.00239797761548
5,11,5,4=0.00653943355815
5,11,5,5=-0.00513624353637
6,11,5,0=-0.00071931223347
6,11,5,1=0.000349484671087
6,11,5,2=0.00643787371237
6,11,5,3=0.0018186785873
6,11,5,4=0.00151231067524
6,11,5,5=0.000383125661401
6,11,5,6=0.000854191600368
7,11,5,0=0.00383507524541
7,11,5,1=-0.00886143031847
7,11,5,2=0.00107735998022
7,11,5,3=-0.0123992850384
7,11,5,4=0.00835693478574
7,11,5,5=0.00359477980391
7,11,5,6=0.00202422716065
7,11,5,7=-0.00542431701076
8,11,5,0=-0.00181853888677
8,11,5,1=0.00440139018245
8,11,5,2=0.00358565842928
8,11,5,3=-0.00347638713857
8,11,5,4=-0.00572833939153
8,11,5,5=0.00087045561952
8,11,5,6=0.00662715711886
8,11,5,7=0.00110729170233
8,11,5,8=-0.00582132815982
9,11,5,0=-0.00274698862773
9,11,5,1=-0.00237080858181
9,11,5,2=-0.0101612924786
9,11,5,3=0.00210719592562
9,11,5,4=-0.000285061683908
9,11,5,5=-0.00102487863567
9,11,5,6=0.000371823195809
9,11,5,7=-0.00040688342598
9,11,5,8=-0.00957511102194
9,11,5,9=-0.00389309792906
10,11,5,0=-0.00148142638868
10,11,5,1=0.000376903202163
10,11,5,2=0.00357939400582
10,11,5,3=-0.00143520838064
10,11,5,4=0.000416105925686
10,11,5,5=-0.0031874319569
10,11,5,6=-0.000506722545174
10,11,5,7=-0.00322854373979
10,11,5,8=0.00294729762425
10,11,5,9=0.0042581663106
10,11,5,10=0.00105206970321
11,11,5,5=0.0178487171473
11,11,5,6=0.000892337785398
11,11,5,7=0.000675021206139
11,11,5,8=-0.00144126128063
11,11,5,9=-0.00146094172482
11,11,5,10=0.00088790856453
11,11,5,11=-0.00868344241775
0,11,6,0=-0.00126302602991
1,11,6,0=0.00201991714527
1,11,6,1=-0.00580954159926
2,11,6,0=-0.000137029586648
2,11,6,1=-0.000301375873243
2,11,6,2=0.00674239128342
3,11,6,0=-0.00969208564343
3,11,6,1=-0.00441617959666
3,11,6,2=0.000119826466817
3,11,6,3=0.0237672467815
4,11,6,0=0.00241834860894
4,11,6,1=0.00308237344593
4,11,6,2=-7.27106564224e-06
4,11,6,3=-0.00110543245113
4,11,6,4=-5.81489821234e-05
5,11,6,0=0.0023578651185
5,11,6,1=0.000872957459084
5,11,6,2=0.0089794647189
5,11,6,3=0.000518917126054
5,11,6,4=0.000821549273626
5,11,6,5=0.00602823993545
6,11,6,0=0.00818934087059
6,11,6,1=-0.00164440532548
6,11,6,2=-0.000438424995144
6,11,6,3=-0.00771299426669
6,11,6,4=0.00103688943236
6,11,6,5=0.00193861996785
6,11,6,6=0.00424476871212
7,11,6,0=-0.00234603167909
7,11,6,1=-0.000670619740738
7,11,6,2=0.00850278809094
7,11,6,3=-0.000297223289054
7,11,6,4=-0.00119904014784
7,11,6,5=-0.00111927466584
7,11,6,6=-0.00208412123786
7,11,6,7=0.00607332282539
8,11,6,0=0.000354597399555
8,11,6,1=5.52745233851e-05
8,11,6,2=-0.00203437190308
8,11,6,3=3.58496911829e-06
8,11,6,4=0.00011176508532
8,11,6,5=0.00736795629857
8,11,6,6=6.91896161077e-05
8,11,6,7=0.00733348252585
8,11,6,8=0.00616319375342
9,11,6,0=0.000245008991352
9,11,6,1=0.00634971984546
9,11,6,2=0.000197756543478
9,11,6,3=0.00899210000661
9,11,6,4=-0.0040547912942
9,11,6,5=-0.000171687888593
9,11,6,6=-0.00427527342855
9,11,6,7=0.000328249677951
9,11,6,8=0.000319887059012
9,11,6,9=0.00745004381149
10,11,6,0=0.00526283514379
10,11,6,1=-0.00399076392316
10,11,6,2=0.000122824689077
10,11,6,3=-0.00753682421818
10,11,6,4=0.00467288642415
10,11,6,5=-0.00017194770163
10,11,6,6=0.00850255156609
10,11,6,7=0.000598531144822
10,11,6,8=8.61257711363e-05
10,11,6,9=-0.00411977583968
10,11,6,10=0.00143721816392
11,11,6,6=0.0122105423757
11,11,6,7=-0.0010830868117
11,11,6,8=0.000150199264621
11,11,6,9=-0.0149933251362
11,11,6,10=0.00725359762804
11,11,6,11=0.0116708496454
0,11,7,0=-0.00149435603969
1,11,7,0=-5.24662279015e-05
1,11,7,1=0.00967605036655
2,11,7,0=-0.000611438202231
2,11,7,1=0.00860559068489
2,11,7,2=0.005368644503
3,11,7,0=-0.00461078601273
3,11,7,1=-0.000124558920556
3,11,7,2=-0.00598583354605
3,11,7,3=0.00243826523201
4,11,7,0=0.000610234247676
4,11,7,1=-0.000710599820689
4,11,7,2=-0.00517341583367
4,11,7,3=-0.000937692565747
4,11,7,4=0.00144614249477
5,11,7,0=0.00418646144598
5,11,7,1=-0.00968177283377
5,11,7,2=-0.00122303977717
5,11,7,3=-0.0134022490317
5,11,7,4=0.00856531744952
5,11,7,5=0.00551576296354
6,11,7,0=0.00100007094109
6,11,7,1=-0.000316845651618
6,11,7,2=0.00645143124549
6,11,7,3=-0.00174017955517
6,11,7,4=-0.00191390775251
6,11,7,5=0.00213150715574
6,11,7,6=-0.00109939762599
7,11,7,0=-0.00372159129723
7,11,7,1=-0.00162369295193
7,11,7,2=-0.00125217151094
7,11,7,3=-0.00198366038396
7,11,7,4=0.00663307393904
7,11,7,5=-0.00389638257542
7,11,7,6=0.000279228222645
7,11,7,7=0.0059892023136
8,11,7,0=-0.00195532897072
8,11,7,1=0.00361489101926
8,11,7,2=-0.00393727788136
8,11,7,3=-0.0029869080242
8,11,7,4=-0.00598675015229
8,11,7,5=-0.00125658846171
8,11,7,6=0.00715962643756
8,11,7,7=-0.00099084342917
8,11,7,8=0.00608440238936
9,11,7,0=0.00307994146703
9,11,7,1=0.00261168104894
9,11,7,2=-0.00924771380052
9,11,7,3=-0.00247634973849
9,11,7,4=0.000438224156633
9,11,7,5=-0.000415924426757
9,11,7,6=-0.000235482889477
9,11,7,7=-0.0010886033579
9,11,7,8=-0.011111101945
9,11,7,9=0.00390515728182
10,11,7,0=0.00150474552315
10,11,7,1=-0.000408174387267
10,11,7,2=0.00332549231321
10,11,7,3=0.00136299691626
10,11,7,4=-3.58070113251e-05
10,11,7,5=-0.00322396661261
10,11,7,6=0.000940639293508
10,11,7,7=-0.00319464441962
10,11,7,8=0.0033790037295
10,11,7,9=-0.00483288254923
10,11,7,10=-0.00183670684182
11,11,7,7=0.0191638666051
11,11,7,8=-0.00148021325312
11,11,7,9=0.00160007630423
11,11,7,10=-0.000832461888124
11,11,7,11=0.00932809025025
0,11,8,0=-3.65188291709e-05
1,11,8,0=0.000151642644059
1,11,8,1=-0.000854303703418
2,11,8,0=0.00409839671375
2,11,8,1=-0.0131691609833
2,11,8,2=-0.000459306266455
3,11,8,0=2.83721443762e-05
3,11,8,1=-2.7642159128e-05
3,11,8,2=-0.017175732859
3,11,8,3=3.12004778717e-05
4,11,8,0=4.55652945483e-05
4,11,8,1=-3.11889145407e-05
4,11,8,2=0.00861408034036
4,11,8,3=8.82040138838e-05
4,11,8,4=-0.000424520273177
5,11,8,0=-0.000579288897541
5,11,8,1=0.00954404690715
5,11,8,2=0.00067799183923
5,11,8,3=-0.00678858059265
5,11,8,4=-0.0060794432258
5,11,8,5=-0.000389400622302
6,11,8,0=4.32827561561e-05
6,11,8,1=-2.61145937702e-05
6,11,8,2=0.00107612643733
6,11,8,3=0.00015415439194
6,11,8,4=0.000304484449504
6,11,8,5=0.00723597144454
6,11,8,6=0.000434359932419
7,11,8,0=-0.00097614612906
7,11,8,1=0.00766161231117
7,11,8,2=-0.000255985593078
7,11,8,3=-0.00558593750569
7,11,8,4=-0.00621979430072
7,11,8,5=0.000210821094969
7,11,8,6=0.00749081098489
7,11,8,7=-0.0001628066611
8,11,8,0=-0.00310213469061
8,11,8,1=-0.000744119992045
8,11,8,2=0.000274763939419
8,11,8,3=-0.00067225892676
8,11,8,4=0.00966690090779
8,11,8,5=-0.000387907006934
8,11,8,6=0.00103208062151
8,11,8,7=0.000824614932872
8,11,8,8=-0.000574053397152
9,11,8,0=-0.000102920541492
9,11,8,1=-0.000186473886409
9,11,8,2=0.000684102836117
9,11,8,3=0.000231409085288
9,11,8,4=0.000100549210214
9,11,8,5=-0.0100645748972
9,11,8,6=0.000396444103018
9,11,8,7=-0.0111982250104
9,11,8,8=-0.00180761932382
9,11,8,9=-0.000584780716417
10,11,8,0=-4.6580281412e-05
10,11,8,1=-0.000208898469755
10,11,8,2=-0.00191397568787
10,11,8,3=-0.000193052232844
10,11,8,4=-0.000109443730896
10,11,8,5=0.00351235021488
10,11,8,6=9.36040003818e-05
10,11,8,7=0.00380669103907
10,11,8,8=-0.0061688496777
10,11,8,9=8.16138267379e-05
10,11,8,10=0.000322879105373
11,11,8,8=0.0234336678549
11,11,8,9=-0.000355235833451
11,11,8,10=0.000177929476692
11,11,8,11=-0.000583755799193
0,11,9,0=-0.0612536039244
1,11,9,0=-0.0133411716884
1,11,9,1=0.0810098914404
2,11,9,0=0.000128573336009
2,11,9,1=0.000348364367654
2,11,9,2=-0.0120379728584
3,11,9,0=0.0157447868512
3,11,9,1=0.0315701469038
3,11,9,2=-0.000162824283269
3,11,9,3=-0.11841179475
4,11,9,0=0.0012899341277
4,11,9,1=-0.0077148571028
4,11,9,2=0.000222588635291
4,11,9,3=-0.00140029575482
4,11,9,4=0.0573574335093
5,11,9,0=-0.00261334882896
5,11,9,1=-0.00266943563817
5,11,9,2=-0.0548283982805
5,11,9,3=0.000186649591063
5,11,9,4=-0.000540473064038
5,11,9,5=-0.0126679531187
6,11,9,0=-0.00407984005098
6,11,9,1=0.00638595486182
6,11,9,2=0.000535143071097
6,11,9,3=0.0114537510827
6,11,9,4=-0.0431042855276
6,11,9,5=-0.000505588607182
6,11,9,6=-0.0507073006398
7,11,9,0=0.00307856757924
7,11,9,1=0.00260418895692
7,11,9,2=-0.0525957924988
7,11,9,3=-0.000351486356076
7,11,9,4=0.000887241978246
7,11,9,5=0.00605738947986
7,11,9,6=0.000353189432018
7,11,9,7=-0.0134330120594
8,11,9,0=-0.000430079999727
8,11,9,1=-0.000158426281602
8,11,9,2=0.00930437917486
8,11,9,3=0.000144619891857
8,11,9,4=0.000488710735645
8,11,9,5=-0.0481827547927
8,11,9,6=0.000869492750332
8,11,9,7=-0.0476362754449
8,11,9,8=-0.0135934142625
9,11,9,0=-0.00531723204387
9,11,9,1=-0.0381158479935
9,11,9,2=-0.000180086636244
9,11,9,3=-0.0471513746901
9,11,9,4=0.00431406540737
9,11,9,5=-0.00237677763623
9,11,9,6=0.0027660043553
9,11,9,7=0.00264762175571
9,11,9,8=-0.000751917148506
9,11,9,9=-0.0341519143256
10,11,9,0=-0.0407793001973
10,11,9,1=0.0200801117746
10,11,9,2=-0.000136373828734
10,11,9,3=0.0161887392149
10,11,9,4=-0.00455394064481
10,11,9,5=-0.00101557910371
10,11,9,6=-0.00241519092717
10,11,9,7=0.00151570290088
10,11,9,8=-0.000713393689629
10,11,9,9=-0.0255117125448
10,11,9,10=-0.0442485655101
11,11,9,9=0.0860797368934
11,11,9,10=-0.0528266651481
11,11,9,11=-0.02707644105
0,11,10,0=0.0786891582729
1,11,10,0=0.00717357512724
1,11,10,1=-0.102480647651
2,11,10,0=0.000581451904192
2,11,10,1=0.000388369954439
2,11,10,2=-0.0220757914707
3,11,10,0=0.0133111190623
3,11,10,1=-0.0193954978125
3,11,10,2=0.000175748365782
3,11,10,3=0.0396703323927
4,11,10,0=-0.00484385946401
4,11,10,1=0.00608293495541
4,11,10,2=-0.00023161327731
4,11,10,3=0.000876421041663
4,11,10,4=-0.0496990086509
5,11,10,0=-0.00744632751895
5,11,10,1=-0.000105871268313
5,11,10,2=0.0434338483043
5,11,10,3=-0.00576960246202
5,11,10,4=-0.00161105988189
5,11,10,5=-0.0167731740322
6,11,10,0=-0.00398662332847
6,11,10,1=-0.006042813303
6,11,10,2=0.000196610309774
6,11,10,3=-0.00981181292321
6,11,10,4=0.0406169032663
6,11,10,5=-0.00467606137124
6,11,10,6=0.0515459728155
7,11,10,0=0.00751318939716
7,11,10,1=-0.00019973571702
7,11,10,2=0.0424787347325
7,11,10,3=0.00555634743487
7,11,10,4=0.00203982408797
7,11,10,5=0.0155222775708
7,11,10,6=0.00552408905867
7,11,10,7=-0.0174706976201
8,11,10,0=-0.00077877298044
8,11,10,1=-4.54661109251e-05
8,11,10,2=0.0184365992101
8,11,10,3=-0.000685312766234
8,11,10,4=-0.000666442379334
8,11,10,5=0.0417996875659
8,11,10,6=-0.00105610242687
8,11,10,7=0.0411531877416
8,11,10,8=-0.0218291083409
9,11,10,0=-0.0152491319926
9,11,10,1=0.0166862285233
9,11,10,2=-9.9374041881e-05
9,11,10,3=0.0434870340858
9,11,10,4=-0.00463543689235
9,11,10,5=0.00494220513335
9,11,10,6=-0.000267921619562
9,11,10,7=-0.00557262187618
9,11,10,8=0.000273085018584
9,11,10,9=0.000898112906493
10,11,10,0=0.0302386159768
10,11,10,1=-0.00563693951783
10,11,10,2=-0.000607876207342
10,11,10,3=-0.0149557066903
10,11,10,4=0.00227550505509
10,11,10,5=0.00907428596744
10,11,10,6=-0.00641139402162
10,11,10,7=-0.0107808804493
10,11,10,8=0.00133773073141
10,11,10,9=0.0467019046807
10,11,10,10=0.0629325695174
11,11,10,10=0.0612518658584
11,11,10,11=-0.0288549624251
0,11,11,0=0.324713198017
1,11,11,0=0.00269543973331
1,11,11,1=0.520552273102
2,11,11,0=-0.00171739276619
2,11,11,1=0.000225140621786
2,11,11,2=0.424868019471
3,11,11,0=-0.0758274214679
3,11,11,1=0.00116657584502
3,11,11,2=-0.000734683484051
3,11,11,3=0.507960507977
4,11,11,0=0.00666754258586
4,11,11,1=-0.0191926924061
4,11,11,2=-8.89969114834e-05
4,11,11,3=-0.0110335366582
4,11,11,4=0.28090806644
5,11,11,0=0.0241598085356
5,11,11,1=-0.00155770040632
5,11,11,2=0.0047377305131
5,11,11,3=0.00775885214935
5,11,11,4=0.0110900169501
5,11,11,5=0.413276619222
6,11,11,0=0.0073654890064
6,11,11,1=0.0100227194346
6,11,11,2=-0.00139773362528
6,11,11,3=-0.0137158137501
6,11,11,4=0.00637523567704
6,11,11,5=0.022301695821
6,11,11,6=0.299830200826
7,11,11,0=-0.026109859406
7,11,11,1=0.00151189668416
7,11,11,2=0.00472818612948
7,11,11,3=-0.00801371096235
7,11,11,4=-0.0126756010744
7,11,11,5=-0.0577033524595
7,11,11,6=-0.0243792696258
7,11,11,7=0.422930010211
8,11,11,0=0.00234260506636
8,11,11,1=-0.000288428962375
8,11,11,2=-0.072579454657
8,11,11,3=0.000936596537852
8,11,11,4=-3.22821543093e-05
8,11,11,5=0.00505060012582
8,11,11,6=0.00159310515904
8,11,11,7=0.00477276555983
8,11,11,8=0.456313880626
9,11,11,0=0.0523491279604
9,11,11,1=0.0340086905386
9,11,11,2=0.000814553730957
9,11,11,3=-0.0132585368765
9,11,11,4=0.0174958029454
9,11,11,5=-0.0105801570204
9,11,11,6=-0.0314419910269
9,11,11,7=0.0111642182435
9,11,11,8=-0.000975044631357
9,11,11,9=0.45509847036
10,11,11,0=0.0560775294443
10,11,11,1=-0.0292894281254
10,11,11,2=0.00166863647623
10,11,11,3=-0.00168423847751
10,11,11,4=-0.015958280391
10,11,11,5=-0.0215855571701
10,11,11,6=0.0132066650481
10,11,11,7=0.0230393598625
10,11,11,8=-0.00150902905384
10,11,11,9=-0.0798037736746
10,11,11,10=0.367591688469
11,11,11,11=0.572967995208
