tst=0
info=0.0000,1.3330
nuc=0.000000000000
Ehf=-14.503361123696
0,0=-7.938690478258
0,1=-0.273738275585
1,1=-1.770739869082
2,2=-1.638719982571
3,3=-1.638719982571
4,4=-1.638719982571
0,0,0,0=2.283825669882
0,1,0,0=0.258589385996
0,1,1,0=0.580030845403
0,2,2,0=0.570096408081
0,3,3,0=0.570096408081
0,4,4,0=0.570096408081
0,0,0,1=0.258589385996
0,1,0,1=0.047031408445
0,1,1,1=0.015148889589
0,2,2,1=0.008474583152
0,3,3,1=0.008474583152
0,4,4,1=0.008474583152
1,0,0,0=0.258589385996
1,1,0,0=0.047031408445
1,1,1,0=0.015148889589
1,2,2,0=0.008474583152
1,3,3,0=0.008474583152
1,4,4,0=0.008474583152
1,0,0,1=0.580030845403
1,1,0,1=0.015148889589
1,1,1,1=0.405613336381
1,2,2,1=0.410496720430
1,3,3,1=0.410496720430
1,4,4,1=0.410496720430
2,0,0,2=0.570096408081
2,1,0,2=0.008474583152
2,1,1,2=0.410496720430
2,2,2,2=0.450116563647
2,3,3,2=0.401600748624
2,4,4,2=0.401600748624
3,0,0,3=0.570096408081
3,1,0,3=0.008474583152
3,1,1,3=0.410496720430
3,2,2,3=0.401600748624
3,3,3,3=0.450116563647
3,4,4,3=0.401600748624
4,0,0,4=0.570096408081
4,1,0,4=0.008474583152
4,1,1,4=0.410496720430
4,2,2,4=0.401600748624
4,3,3,4=0.401600748624
4,4,4,4=0.450116563647
3,4,3,4=0.024257907512
4,4,3,3=0.024257907512
2,4,2,4=0.024257907512
4,4,2,2=0.024257907512
2,3,2,3=0.024257907512
3,3,2,2=0.024257907512
0,2,0,2=0.015907802140
0,2,1,2=-0.020486764616
1,2,0,2=-0.020486764616
1,2,1,2=0.086861398591
2,2,0,0=0.015907802140
2,2,1,0=-0.020486764616
2,2,0,1=-0.020486764616
2,2,1,1=0.086861398591
0,3,0,3=0.015907802140
0,3,1,3=-0.020486764616
1,3,0,3=-0.020486764616
1,3,1,3=0.086861398591
3,3,0,0=0.015907802140
3,3,1,0=-0.020486764616
3,3,0,1=-0.020486764616
3,3,1,1=0.086861398591
0,4,0,4=0.015907802140
0,4,1,4=-0.020486764616
1,4,0,4=-0.020486764616
1,4,1,4=0.086861398591
4,4,0,0=0.015907802140
4,4,1,0=-0.020486764616
4,4,0,1=-0.020486764616
4,4,1,1=0.086861398591

