tst=0
info=0.0,0.0
nuc=14.455434079
Ehf=-39.744341984
0,0=-19.973604103
0,1=-0.348729848
0,4=-0.206785402
0,6=-0.397601666
1,1=-5.554345175
1,4=-0.057545897
1,6=-1.183486359
2,2=-4.985625111
2,7=-0.788906785
2,8=0.614303202
3,3=-4.985625111
3,7=-0.614303202
3,8=-0.788906785
4,4=-5.366865249
4,6=0.233910335
5,5=-3.848181143
6,6=-4.547447321
7,7=-4.575970468
8,8=-4.575970468
0,0,0,0=3.511790789
0,1,0,0=0.271480279
0,1,0,1=0.034472585
0,1,1,0=0.692904597
0,1,1,1=0.004164473
1,1,1,1=0.537626811
0,2,0,2=0.007253887
0,2,1,2=-0.012214951
1,2,1,2=0.119115192
0,2,2,0=0.614982177
0,2,2,1=0.001575451
1,2,2,1=0.500301521
2,2,2,2=0.540894441
0,3,0,3=0.007253887
0,3,1,3=-0.012214951
1,3,1,3=0.119115192
2,3,2,2=0.001003115
2,3,2,3=0.014261782
0,3,3,0=0.614982177
0,3,3,1=0.001575451
1,3,3,1=0.500301521
2,3,3,2=0.432219546
2,3,3,3=-0.001003115
3,3,3,3=0.540894441
0,4,0,0=0.165049118
0,4,0,1=0.016156715
1,4,0,1=0.016459288
2,4,0,2=0.005839765
3,4,0,3=0.005839765
0,4,0,4=0.029722243
0,4,1,0=0.045986150
0,4,1,1=0.007052631
1,4,1,1=-0.035024376
2,4,1,2=-0.009814290
3,4,1,3=-0.009814290
0,4,1,4=-0.012812159
1,4,1,4=0.053837810
0,4,2,2=-0.003686114
1,4,2,2=0.004944763
2,4,2,4=0.023729400
0,4,3,3=-0.003686114
1,4,3,3=0.004944763
3,4,3,4=0.023729400
0,4,4,0=0.846055323
0,4,4,1=0.014775064
1,4,4,1=0.486145075
2,4,4,2=0.474393997
3,4,4,3=0.474393997
0,4,4,4=-0.014797055
1,4,4,4=0.065930697
4,4,4,4=0.719406631
2,5,0,2=0.000743288
2,5,0,3=0.000018593
3,5,0,3=-0.000743288
0,5,0,5=0.000041244
2,5,1,2=-0.055315248
2,5,1,3=-0.001383703
3,5,1,3=0.055315248
0,5,1,5=-0.000538727
1,5,1,5=0.059193288
0,5,2,2=0.006539678
1,5,2,2=-0.100655745
0,5,2,3=0.000163589
1,5,2,3=-0.002517889
2,5,2,4=0.002180188
3,5,2,4=0.000054537
2,5,2,5=0.106774212
0,5,3,2=0.000163589
1,5,3,2=-0.002517889
0,5,3,3=-0.006539678
1,5,3,3=0.100655745
2,5,3,4=0.000054537
3,5,3,4=-0.002180188
3,5,3,5=0.106774212
2,5,4,2=0.007876859
2,5,4,3=0.000197038
3,5,4,3=-0.007876859
0,5,4,5=0.000011966
1,5,4,5=-0.010622313
4,5,4,5=0.004441423
0,5,5,0=0.454341422
0,5,5,1=-0.001459584
1,5,5,1=0.461388467
2,5,5,2=0.456937734
3,5,5,3=0.456937734
0,5,5,4=0.005751130
1,5,5,4=-0.028792801
4,5,5,4=0.383803239
5,5,5,5=0.479655515
0,6,0,0=0.335997271
0,6,0,1=0.045456855
1,6,0,1=0.000930537
2,6,0,2=0.000301469
3,6,0,3=0.000301469
0,6,0,4=0.013939526
1,6,0,4=0.013522402
4,6,0,4=0.023052680
5,6,0,5=-0.003345880
0,6,0,6=0.062623766
0,6,1,0=0.307315967
0,6,1,1=0.007340361
1,6,1,1=0.101620638
2,6,1,2=0.067411052
3,6,1,3=0.067411052
0,6,1,4=0.016656104
1,6,1,4=-0.012784397
4,6,1,4=0.114126457
5,6,1,5=0.014247326
0,6,1,6=0.004506897
1,6,1,6=0.097128275
0,6,2,2=-0.004792337
1,6,2,2=-0.021094138
2,6,2,4=0.006520132
2,6,2,5=0.040979872
3,6,2,5=0.001025105
2,6,2,6=0.040680502
0,6,3,3=-0.004792337
1,6,3,3=-0.021094138
3,6,3,4=0.006520132
2,6,3,5=0.001025105
3,6,3,5=-0.040979872
3,6,3,6=0.040680502
0,6,4,0=-0.039872052
0,6,4,1=0.004676156
1,6,4,1=-0.037052088
2,6,4,2=-0.015236505
3,6,4,3=-0.015236505
0,6,4,4=-0.010176257
1,6,4,4=0.027372478
4,6,4,4=-0.004500091
5,6,4,5=-0.008150159
0,6,4,6=0.010229509
1,6,4,6=-0.035893116
4,6,4,6=0.028086627
2,6,5,2=0.044462917
2,6,5,3=0.001112233
3,6,5,3=-0.044462917
0,6,5,5=0.000023994
1,6,5,5=-0.051026861
4,6,5,5=0.010302092
5,6,5,6=0.055946840
0,6,6,0=0.804876338
0,6,6,1=0.009238803
1,6,6,1=0.539615574
2,6,6,2=0.493044624
3,6,6,3=0.493044624
0,6,6,4=0.029749272
1,6,6,4=-0.046936175
4,6,6,4=0.480104611
5,6,6,5=0.457893865
0,6,6,6=0.002889007
1,6,6,6=0.123224337
4,6,6,6=-0.053369180
6,6,6,6=0.577710271
0,7,0,2=0.011022170
1,7,0,2=-0.015870664
0,7,0,3=0.008582705
1,7,0,3=-0.012358113
2,7,0,4=-0.005608753
3,7,0,4=-0.004367405
2,7,0,5=0.008413259
3,7,0,5=-0.006219602
2,7,0,6=-0.006665361
3,7,0,6=-0.005190161
0,7,0,7=0.027173769
0,7,1,2=-0.006055321
1,7,1,2=0.001842407
0,7,1,3=-0.004715137
1,7,1,3=0.001434639
2,7,1,4=0.014070523
3,7,1,4=0.010956386
2,7,1,5=0.017220132
3,7,1,5=-0.012730189
2,7,1,6=0.026328703
3,7,1,6=0.020501543
0,7,1,7=-0.013615154
1,7,1,7=0.037702808
0,7,2,0=0.198215870
0,7,2,1=0.004837644
1,7,2,1=0.042928985
2,7,2,2=0.021621614
2,7,2,3=0.004974727
3,7,2,3=0.055717417
0,7,2,4=-0.000868130
1,7,2,4=0.025990379
4,7,2,4=0.107794056
0,7,2,5=0.000276343
1,7,2,5=0.022978490
4,7,2,5=-0.006972574
5,7,2,5=-0.010373842
0,7,2,6=0.006142355
1,7,2,6=0.052281704
4,7,2,6=-0.003481729
5,7,2,6=-0.027937876
6,7,2,6=0.044518298
2,7,2,7=0.073202367
0,7,3,0=0.154346047
0,7,3,1=0.003766960
1,7,3,1=0.033427793
2,7,3,2=0.042431442
2,7,3,3=0.007614368
3,7,3,3=0.017790646
0,7,3,4=-0.000675992
1,7,3,4=0.020238099
4,7,3,4=0.083936702
0,7,3,5=-0.000204290
1,7,3,5=-0.016987124
4,7,3,5=0.005154559
5,7,3,5=-0.008077867
0,7,3,6=0.004782908
1,7,3,6=0.040710536
4,7,3,6=-0.002711140
5,7,3,6=0.020653409
6,7,3,6=0.034665354
2,7,3,7=0.031805932
3,7,3,7=0.047882542
0,7,4,2=-0.006650036
1,7,4,2=0.036282677
0,7,4,3=-0.005178227
1,7,4,3=0.028252469
2,7,4,4=0.021518769
3,7,4,4=0.016756161
2,7,4,5=-0.027130450
3,7,4,5=0.020056510
2,7,4,6=-0.002726784
3,7,4,6=-0.002123283
0,7,4,7=-0.015414392
1,7,4,7=0.015698117
4,7,4,7=0.051902244
0,7,5,2=-0.001376967
1,7,5,2=0.051090846
0,7,5,3=0.001017939
1,7,5,3=-0.037769520
2,7,5,4=-0.007328255
3,7,5,4=0.005417500
2,7,5,5=-0.059360689
3,7,5,5=-0.046222775
2,7,5,6=-0.033275190
3,7,5,6=0.024599083
0,7,5,7=-0.000685346
1,7,5,7=-0.007840746
4,7,5,7=0.004496698
5,7,5,7=0.064729532
0,7,6,2=-0.009548782
1,7,6,2=0.070772268
0,7,6,3=-0.007435412
1,7,6,3=0.055108705
2,7,6,4=0.002336658
3,7,6,4=0.001819501
2,7,6,5=-0.064480251
3,7,6,5=0.047667798
2,7,6,6=-0.013748339
3,7,6,6=-0.010705509
0,7,6,7=-0.020763785
1,7,6,7=0.001151807
4,7,6,7=0.035400456
5,7,6,7=0.014857944
6,7,6,7=0.079842244
0,7,7,0=0.805046102
0,7,7,1=0.010157871
1,7,7,1=0.509521608
2,7,7,2=0.509227304
2,7,7,3=0.012132107
3,7,7,3=0.486126700
0,7,7,4=0.003315767
1,7,7,4=0.015102512
4,7,7,4=0.554751789
0,7,7,5=0.000203549
1,7,7,5=-0.011808714
4,7,7,5=0.001750065
5,7,7,5=0.443993845
0,7,7,6=0.011657222
1,7,7,6=0.094327696
4,7,7,6=-0.009832795
5,7,7,6=0.010500472
6,7,7,6=0.517220637
2,7,7,7=0.075893964
3,7,7,7=0.068731301
7,7,7,7=0.573706194
0,8,0,2=-0.008582705
1,8,0,2=0.012358113
0,8,0,3=0.011022170
1,8,0,3=-0.015870664
2,8,0,4=0.004367405
3,8,0,4=-0.005608753
2,8,0,5=-0.006219602
3,8,0,5=-0.008413259
2,8,0,6=0.005190161
3,8,0,6=-0.006665361
5,8,0,7=0.002451523
0,8,0,8=0.027173769
0,8,1,2=0.004715137
1,8,1,2=-0.001434639
0,8,1,3=-0.006055321
1,8,1,3=0.001842407
2,8,1,4=-0.010956386
3,8,1,4=0.014070523
2,8,1,5=-0.012730189
3,8,1,5=-0.017220132
2,8,1,6=-0.020501543
3,8,1,6=0.026328703
5,8,1,7=0.028046795
0,8,1,8=-0.013615154
1,8,1,8=0.037702808
0,8,2,0=-0.154346047
0,8,2,1=-0.003766960
1,8,2,1=-0.033427793
2,8,2,2=-0.017790646
2,8,2,3=0.007614368
3,8,2,3=-0.042431442
0,8,2,4=0.000675992
1,8,2,4=-0.020238099
4,8,2,4=-0.083936702
0,8,2,5=-0.000204290
1,8,2,5=-0.016987124
4,8,2,5=0.005154559
5,8,2,5=0.008077867
0,8,2,6=-0.004782908
1,8,2,6=-0.040710536
4,8,2,6=0.002711140
5,8,2,6=0.020653409
6,8,2,6=-0.034665354
2,8,2,7=-0.048321179
3,8,2,7=-0.015326461
7,8,2,7=-0.042522522
2,8,2,8=0.047882542
0,8,3,0=0.198215870
0,8,3,1=0.004837644
1,8,3,1=0.042928985
2,8,3,2=0.055717417
2,8,3,3=-0.004974727
3,8,3,3=0.021621614
0,8,3,4=-0.000868130
1,8,3,4=0.025990379
4,8,3,4=0.107794056
0,8,3,5=-0.000276343
1,8,3,5=-0.022978490
4,8,3,5=0.006972574
5,8,3,5=-0.010373842
0,8,3,6=0.006142355
1,8,3,6=0.052281704
4,8,3,6=-0.003481729
5,8,3,6=0.027937876
6,8,3,6=0.044518298
2,8,3,7=0.030515199
3,8,3,7=0.048321179
7,8,3,7=0.066981567
2,8,3,8=-0.031805932
3,8,3,8=0.073202367
0,8,4,2=0.005178227
1,8,4,2=-0.028252469
0,8,4,3=-0.006650036
1,8,4,3=0.036282677
2,8,4,4=-0.016756161
3,8,4,4=0.021518769
2,8,4,5=0.020056510
3,8,4,5=0.027130450
2,8,4,6=0.002123283
3,8,4,6=-0.002726784
5,8,4,7=-0.016084943
0,8,4,8=-0.015414392
1,8,4,8=0.015698117
4,8,4,8=0.051902244
0,8,5,2=0.001017939
1,8,5,2=-0.037769520
0,8,5,3=0.001376967
1,8,5,3=-0.051090846
2,8,5,4=0.005417500
3,8,5,4=0.007328255
2,8,5,5=0.046222775
3,8,5,5=-0.059360689
2,8,5,6=0.024599083
3,8,5,6=0.033275190
0,8,5,7=0.002451523
1,8,5,7=0.028046795
4,8,5,7=-0.016084943
6,8,5,7=-0.053147711
0,8,5,8=0.000685346
1,8,5,8=0.007840746
4,8,5,8=-0.004496698
5,8,5,8=0.064729532
0,8,6,2=0.007435412
1,8,6,2=-0.055108705
0,8,6,3=-0.009548782
1,8,6,3=0.070772268
2,8,6,4=-0.001819501
3,8,6,4=0.002336658
2,8,6,5=0.047667798
3,8,6,5=0.064480251
2,8,6,6=0.010705509
3,8,6,6=-0.013748339
5,8,6,7=-0.053147711
0,8,6,8=-0.020763785
1,8,6,8=0.001151807
4,8,6,8=0.035400456
5,8,6,8=-0.014857944
6,8,6,8=0.079842244
2,8,7,2=-0.042457914
2,8,7,3=0.002248794
3,8,7,3=0.042457914
0,8,7,5=-0.000728106
1,8,7,5=0.042240442
4,8,7,5=-0.006260080
5,8,7,6=-0.037560784
2,8,7,7=0.014291560
3,8,7,7=-0.005980799
7,8,7,7=-0.006245991
2,8,7,8=-0.005980799
3,8,7,8=-0.014291560
7,8,7,8=0.042393151
0,8,8,0=0.805046102
0,8,8,1=0.010157871
1,8,8,1=0.509521608
2,8,8,2=0.486126700
2,8,8,3=-0.012132107
3,8,8,3=0.509227304
0,8,8,4=0.003315767
1,8,8,4=0.015102512
4,8,8,4=0.554751789
0,8,8,5=-0.000203549
1,8,8,5=0.011808714
4,8,8,5=-0.001750065
5,8,8,5=0.443993845
0,8,8,6=0.011657222
1,8,8,6=0.094327696
4,8,8,6=-0.009832795
5,8,8,6=-0.010500472
6,8,8,6=0.517220637
2,8,8,7=0.066981567
3,8,8,7=0.042522522
7,8,8,7=0.530112173
2,8,8,8=-0.068731301
3,8,8,8=0.075893964
7,8,8,8=0.006245991
8,8,8,8=0.573706194
orbs=9
consts=54
