tst=0
info=0.0,0.0
nuc=29.890765111
Ehf=-197.811243665
0,0=-43.732617187
0,3=0.763219968
0,9=0.106357092
1,1=-43.733972328
1,2=0.704472506
1,6=0.195662341
2,2=-12.407686519
2,6=0.581329497
3,3=-12.007969053
3,9=-0.750812450
4,4=-11.431424768
5,5=-11.431424768
6,6=-11.547050541
7,7=-11.450478807
8,8=-11.450478807
9,9=-11.925046276
0,0,0,0=2.875243316
0,1,0,1=2.506935396
0,1,1,0=2.875980479
1,1,1,1=2.876718197
0,2,0,1=-0.259147018
0,2,0,2=0.040287028
0,2,1,0=-0.258569231
1,2,1,1=-0.258695338
1,2,1,2=0.040323506
0,2,2,0=0.819022688
1,2,2,1=0.819017957
1,2,2,2=-0.009810089
2,2,2,2=0.666409346
0,3,0,0=-0.279492003
1,3,0,1=-0.279615149
1,3,0,2=0.043109569
2,3,0,2=-0.013049569
0,3,0,3=0.046957701
0,3,1,1=-0.279123209
0,3,1,2=0.043106966
1,3,1,3=0.046993585
0,3,2,1=0.436355119
0,3,2,2=-0.012108037
1,3,2,3=-0.012487633
2,3,2,3=0.243857913
0,3,3,0=0.828272988
1,3,3,1=0.828314210
1,3,3,2=-0.013358909
2,3,3,2=0.624246118
0,3,3,3=-0.013677119
3,3,3,3=0.631694410
0,4,0,4=0.014490995
1,4,1,4=0.014585524
1,4,2,4=0.019733466
2,4,2,4=0.101829029
0,4,3,4=0.019409223
3,4,3,4=0.091480798
0,4,4,0=0.802751827
1,4,4,1=0.802753258
1,4,4,2=-0.006246814
2,4,4,2=0.638882101
0,4,4,3=-0.007408587
3,4,4,3=0.625861009
4,4,4,4=0.666064518
0,5,0,5=0.014490995
1,5,1,5=0.014585524
1,5,2,5=0.019733466
2,5,2,5=0.101829029
0,5,3,5=0.019409223
3,5,3,5=0.091480798
4,5,4,5=0.026550205
0,5,5,0=0.802751827
1,5,5,1=0.802753258
1,5,5,2=-0.006246814
2,5,5,2=0.638882101
0,5,5,3=-0.007408587
3,5,5,3=0.625861009
4,5,5,4=0.612964109
5,5,5,5=0.666064518
0,6,0,1=-0.052873269
0,6,0,2=0.006987408
1,6,0,3=0.010938875
2,6,0,3=0.000113604
0,6,0,6=0.015020126
0,6,1,0=-0.059437389
1,6,1,1=-0.059411973
1,6,1,2=0.006965743
2,6,1,2=-0.012154573
0,6,1,3=0.010941084
3,6,1,3=-0.000660663
4,6,1,4=-0.004813453
5,6,1,5=-0.004813453
1,6,1,6=0.015267159
0,6,2,0=-0.021387781
1,6,2,1=-0.021316296
1,6,2,2=-0.004331151
2,6,2,2=-0.074490671
0,6,2,3=0.000442581
3,6,2,3=-0.001866004
4,6,2,4=-0.031792817
5,6,2,5=-0.031792817
1,6,2,6=0.018839540
2,6,2,6=0.108798238
0,6,3,1=0.179384145
0,6,3,2=-0.005956320
1,6,3,3=-0.001490327
2,6,3,3=0.112357127
0,6,3,6=0.017898906
3,6,3,6=0.132159238
1,6,4,4=0.003552392
2,6,4,4=0.008838413
4,6,4,6=0.030014321
1,6,5,5=0.003552392
2,6,5,5=0.008838413
5,6,5,6=0.030014321
0,6,6,0=0.802290399
1,6,6,1=0.802317909
1,6,6,2=-0.007023270
2,6,6,2=0.637895660
0,6,6,3=-0.006785931
3,6,6,3=0.634710168
4,6,6,4=0.615718839
5,6,6,5=0.615718839
1,6,6,6=0.001404789
2,6,6,6=-0.016569706
6,6,6,6=0.680606512
1,7,0,4=-0.015258160
2,7,0,4=-0.020617544
1,7,0,5=-0.000205551
2,7,0,5=-0.000277750
4,7,0,6=-0.003742456
5,7,0,6=-0.000050417
0,7,0,7=0.015964834
0,7,1,4=-0.015111765
3,7,1,4=-0.020124172
0,7,1,5=-0.000203579
3,7,1,5=-0.000271104
1,7,1,7=0.015762431
0,7,2,4=-0.018595698
3,7,2,4=-0.086844671
0,7,2,5=-0.000250513
3,7,2,5=-0.001169931
1,7,2,7=0.019268424
2,7,2,7=0.083956217
1,7,3,4=-0.021196060
2,7,3,4=-0.102351044
1,7,3,5=-0.000285544
2,7,3,5=-0.001378826
4,7,3,6=-0.020130094
5,7,3,6=-0.000271183
0,7,3,7=0.022168545
3,7,3,7=0.107796416
0,7,4,1=-0.454778345
0,7,4,2=0.007270459
1,7,4,3=0.007108032
2,7,4,3=-0.265760274
0,7,4,6=-0.001661947
3,7,4,6=-0.119529426
4,7,4,7=0.325279965
0,7,5,1=-0.006126565
0,7,5,2=0.000097944
1,7,5,3=0.000095756
2,7,5,3=-0.003580200
0,7,5,6=-0.000022389
3,7,5,6=-0.001610245
4,7,5,7=0.004025807
5,7,5,7=0.026496298
0,7,6,4=-0.004414557
3,7,6,4=-0.024958974
0,7,6,5=-0.000059471
3,7,6,5=-0.000336236
1,7,6,7=0.004637790
2,7,6,7=0.017934636
6,7,6,7=0.029079767
0,7,7,0=0.821601598
1,7,7,1=0.821607131
1,7,7,2=-0.006970475
2,7,7,2=0.640979282
0,7,7,3=-0.007921387
3,7,7,3=0.634343002
4,7,7,4=0.673491075
4,7,7,5=0.000737941
5,7,7,5=0.618723241
1,7,7,6=-0.004037203
2,7,7,6=-0.023505253
6,7,7,6=0.621219150
7,7,7,7=0.682664668
1,8,0,4=0.000205551
2,8,0,4=0.000277750
1,8,0,5=-0.015258160
2,8,0,5=-0.020617544
4,8,0,6=0.000050417
5,8,0,6=-0.003742456
0,8,0,8=0.015964834
0,8,1,4=0.000203579
3,8,1,4=0.000271104
0,8,1,5=-0.015111765
3,8,1,5=-0.020124172
1,8,1,8=0.015762431
0,8,2,4=0.000250513
3,8,2,4=0.001169931
0,8,2,5=-0.018595698
3,8,2,5=-0.086844671
1,8,2,8=0.019268424
2,8,2,8=0.083956217
1,8,3,4=0.000285544
2,8,3,4=0.001378826
1,8,3,5=-0.021196060
2,8,3,5=-0.102351044
4,8,3,6=0.000271183
5,8,3,6=-0.020130094
0,8,3,8=0.022168545
3,8,3,8=0.107796416
0,8,4,1=0.006126565
0,8,4,2=-0.000097944
1,8,4,3=-0.000095756
2,8,4,3=0.003580200
0,8,4,6=0.000022389
3,8,4,6=0.001610245
4,8,4,7=-0.004025807
5,8,4,7=0.026387830
4,8,4,8=0.026496298
0,8,5,1=-0.454778345
0,8,5,2=0.007270459
1,8,5,3=0.007108032
2,8,5,3=-0.265760274
0,8,5,6=-0.001661947
3,8,5,6=-0.119529426
4,8,5,7=0.272395837
5,8,5,7=0.004025807
4,8,5,8=-0.004025807
5,8,5,8=0.325279965
0,8,6,4=0.000059471
3,8,6,4=0.000336236
0,8,6,5=-0.004414557
3,8,6,5=-0.024958974
1,8,6,8=0.004637790
2,8,6,8=0.017934636
6,8,6,8=0.029079767
4,8,7,4=-0.000737941
4,8,7,5=0.027383917
5,8,7,5=0.000737941
7,8,7,8=0.028493116
0,8,8,0=0.821601598
1,8,8,1=0.821607131
1,8,8,2=-0.006970475
2,8,8,2=0.640979282
0,8,8,3=-0.007921387
3,8,8,3=0.634343002
4,8,8,4=0.618723241
4,8,8,5=-0.000737941
5,8,8,5=0.673491075
1,8,8,6=-0.004037203
2,8,8,6=-0.023505253
6,8,8,6=0.621219150
7,8,8,7=0.625678436
8,8,8,8=0.682664668
0,9,0,0=-0.059482907
1,9,0,1=-0.059573024
1,9,0,2=0.012044663
2,9,0,2=0.008661100
0,9,0,3=0.009007046
3,9,0,3=-0.005405708
4,9,0,4=0.002632066
5,9,0,5=0.002632066
1,9,0,6=-0.013509618
2,9,0,6=-0.022453348
6,9,0,6=-0.004797809
7,9,0,7=0.001500798
8,9,0,8=0.001500798
0,9,0,9=0.020888543
0,9,1,1=-0.067993993
0,9,1,2=0.012035867
1,9,1,3=0.009046292
2,9,1,3=-0.006084890
0,9,1,6=-0.013204439
3,9,1,6=-0.022446988
4,9,1,7=0.005302579
5,9,1,7=0.000071434
4,9,1,8=-0.000071434
5,9,1,8=0.005302579
1,9,1,9=0.020536397
0,9,2,1=0.120849682
0,9,2,2=-0.001152439
1,9,2,3=-0.005960387
2,9,2,3=0.055306241
0,9,2,6=-0.018239481
3,9,2,6=-0.055662079
4,9,2,7=-0.059984518
5,9,2,7=-0.000808084
4,9,2,8=0.000808084
5,9,2,8=-0.059984518
1,9,2,9=0.019285838
2,9,2,9=0.096559073
0,9,3,0=0.062683354
1,9,3,1=0.062616326
1,9,3,2=0.000703259
2,9,3,2=0.075070650
0,9,3,3=-0.004570803
3,9,3,3=0.010848254
4,9,3,4=0.045095673
5,9,3,5=0.045095673
1,9,3,6=-0.020833681
2,9,3,6=-0.099187227
6,9,3,6=0.004974572
7,9,3,7=0.039456930
8,9,3,8=0.039456930
0,9,3,9=0.023058629
3,9,3,9=0.101933127
0,9,4,4=0.004075809
3,9,4,4=0.013441630
1,9,4,7=-0.004159847
2,9,4,7=-0.019230674
6,9,4,7=0.021390024
1,9,4,8=0.000056040
2,9,4,8=0.000259067
6,9,4,8=-0.000288157
4,9,4,9=0.030221948
0,9,5,5=0.004075809
3,9,5,5=0.013441630
1,9,5,7=-0.000056040
2,9,5,7=-0.000259067
6,9,5,7=0.000288157
1,9,5,8=-0.004159847
2,9,5,8=-0.019230674
6,9,5,8=0.021390024
5,9,5,9=0.030221948
0,9,6,1=-0.426154439
0,9,6,2=0.006920978
1,9,6,3=0.006529113
2,9,6,3=-0.243470877
0,9,6,6=-0.002641678
3,9,6,6=-0.126044546
4,9,6,7=0.251170582
5,9,6,7=0.003383655
4,9,6,8=-0.003383655
5,9,6,8=0.251170582
1,9,6,9=0.006440002
2,9,6,9=-0.049824819
6,9,6,9=0.280988172
1,9,7,4=-0.004540718
2,9,7,4=-0.026304032
1,9,7,5=-0.000061170
2,9,7,5=-0.000354356
4,9,7,6=0.024496943
5,9,7,6=0.000330012
0,9,7,7=0.004730112
3,9,7,7=0.017221830
7,9,7,9=0.033392350
1,9,8,4=0.000061170
2,9,8,4=0.000354356
1,9,8,5=-0.004540718
2,9,8,5=-0.026304032
4,9,8,6=-0.000330012
5,9,8,6=0.024496943
0,9,8,8=0.004730112
3,9,8,8=0.017221830
8,9,8,9=0.033392350
0,9,9,0=0.886175302
1,9,9,1=0.886160542
1,9,9,2=-0.007524617
2,9,9,2=0.689876381
0,9,9,3=-0.010673061
3,9,9,3=0.657027775
4,9,9,4=0.653683778
5,9,9,5=0.653683778
1,9,9,6=-0.012139847
2,9,9,6=-0.067020046
6,9,9,6=0.699208880
7,9,9,7=0.658070919
8,9,9,8=0.658070919
0,9,9,9=0.009897248
3,9,9,9=0.061887980
9,9,9,9=0.758906787
orbs=10
consts=65
